1.800000000000000000e+02 4.627465431243775607e-13
1.805000000000000000e+02 6.523477368235632078e-13
1.810000000000000000e+02 8.209149967443679052e-13
1.815000000000000000e+02 1.127813236779555038e-12
1.820000000000000000e+02 1.497090236676253087e-12
1.825000000000000000e+02 2.009956700131928607e-12
1.830000000000000000e+02 2.585201923449114537e-12
1.835000000000000000e+02 3.673707996480321614e-12
1.840000000000000000e+02 4.555161283880591749e-12
1.845000000000000000e+02 6.252994126054266686e-12
1.850000000000000000e+02 7.380938824919935924e-12
1.855000000000000000e+02 1.020610506725884720e-11
1.860000000000000000e+02 1.192865935472642865e-11
1.865000000000000000e+02 1.557754730934825775e-11
1.870000000000000000e+02 1.775787229998076306e-11
1.875000000000000000e+02 2.061819807725109775e-11
1.880000000000000000e+02 2.171399372295738025e-11
1.885000000000000000e+02 3.019837271389116456e-11
1.890000000000000000e+02 2.785650053873639369e-11
1.895000000000000000e+02 4.776273939621513470e-11
1.900000000000000000e+02 5.075173369027040597e-11
1.905000000000000000e+02 9.239333214625234484e-11
1.910000000000000000e+02 1.787132408029790708e-10
1.915000000000000000e+02 5.210590229078514269e-10
1.920000000000000000e+02 1.032064246148312640e-09
1.925000000000000000e+02 2.676432864543387486e-09
1.930000000000000000e+02 5.281621047821799076e-09
1.935000000000000000e+02 1.311480578971422707e-08
1.940000000000000000e+02 2.342837144990866259e-08
1.945000000000000000e+02 3.910524171759990640e-08
1.950000000000000000e+02 5.804874481882810369e-08
1.955000000000000000e+02 6.864279709201504801e-08
1.960000000000000000e+02 8.001432141411506049e-08
1.965000000000000000e+02 8.784220838183190457e-08
1.970000000000000000e+02 9.873587025247322768e-08
1.975000000000000000e+02 1.135827453188162995e-07
1.980000000000000000e+02 1.294150465894967413e-07
1.985000000000000000e+02 1.530712360305914060e-07
1.990000000000000000e+02 1.743104034551210032e-07
1.995000000000000000e+02 2.040260652347765433e-07
2.000000000000000000e+02 2.306483611972482723e-07
2.005000000000000000e+02 2.535824880018253003e-07
2.010000000000000000e+02 2.830558187210757782e-07
2.015000000000000000e+02 2.947154258510130050e-07
2.020000000000000000e+02 3.126223189640675365e-07
2.025000000000000000e+02 3.184040886293680305e-07
2.030000000000000000e+02 3.237234756517447323e-07
2.035000000000000000e+02 3.308182047143378678e-07
2.040000000000000000e+02 3.368708049643705981e-07
2.045000000000000000e+02 3.513551656574391555e-07
2.050000000000000000e+02 3.649608306381180414e-07
2.055000000000000000e+02 3.893614542630887716e-07
2.060000000000000000e+02 4.187089228984493583e-07
2.065000000000000000e+02 4.587956539187207465e-07
2.070000000000000000e+02 4.995031591439499313e-07
2.075000000000000000e+02 5.495051129319459939e-07
2.080000000000000000e+02 6.061523106088097218e-07
2.085000000000000000e+02 6.708360455630053203e-07
2.090000000000000000e+02 7.484218947443167714e-07
2.095000000000000000e+02 8.284089929502007007e-07
2.100000000000000000e+02 9.162900297996001152e-07
2.105000000000000000e+02 1.017003277620831201e-06
2.110000000000000000e+02 1.126103869322483930e-06
2.115000000000000000e+02 1.239050676130240988e-06
2.120000000000000000e+02 1.360044370593463594e-06
2.125000000000000000e+02 1.480447248408906130e-06
2.130000000000000000e+02 1.613895544083582936e-06
2.135000000000000000e+02 1.746588668418360277e-06
2.140000000000000000e+02 1.891246277524553573e-06
2.145000000000000000e+02 2.038859826235904855e-06
2.150000000000000000e+02 2.191871140394988886e-06
2.155000000000000000e+02 2.355841967279030698e-06
2.160000000000000000e+02 2.537092594227683994e-06
2.165000000000000000e+02 2.721023726877629643e-06
2.170000000000000000e+02 2.915669770786029761e-06
2.175000000000000000e+02 3.118499397133166406e-06
2.180000000000000000e+02 3.337395593067460260e-06
2.185000000000000000e+02 3.576711028220109744e-06
2.190000000000000000e+02 3.838241991054085925e-06
2.195000000000000000e+02 4.130192947480259003e-06
2.200000000000000000e+02 4.446159126979427641e-06
2.205000000000000000e+02 4.816108224717572128e-06
2.210000000000000000e+02 5.212987580225941114e-06
2.215000000000000000e+02 5.665739020899652654e-06
2.220000000000000000e+02 6.165990205498888710e-06
2.225000000000000000e+02 6.717332594974511735e-06
2.230000000000000000e+02 7.329489039383984205e-06
2.235000000000000000e+02 7.995922859489411385e-06
2.240000000000000000e+02 8.735048747148490934e-06
2.245000000000000000e+02 9.549551947497492393e-06
2.250000000000000000e+02 1.044892250002104105e-05
2.255000000000000000e+02 1.145505884243072918e-05
2.260000000000000000e+02 1.257175446465258600e-05
2.265000000000000000e+02 1.380432994227742330e-05
2.270000000000000000e+02 1.517254318025876553e-05
2.275000000000000000e+02 1.666579652023953312e-05
2.280000000000000000e+02 1.832906758289237369e-05
2.285000000000000000e+02 2.013429763634709459e-05
2.290000000000000000e+02 2.213557515594676860e-05
2.295000000000000000e+02 2.434072678702928238e-05
2.300000000000000000e+02 2.677726590539239874e-05
2.305000000000000000e+02 2.949863958591753051e-05
2.310000000000000000e+02 3.250539630204412028e-05
2.315000000000000000e+02 3.586810874086998971e-05
2.320000000000000000e+02 3.958995450984016228e-05
2.325000000000000000e+02 4.370907488094709635e-05
2.330000000000000000e+02 4.829082686044003511e-05
2.335000000000000000e+02 5.333784355959161232e-05
2.340000000000000000e+02 5.899590599881245149e-05
2.345000000000000000e+02 6.531120143015925342e-05
2.350000000000000000e+02 7.244337242731839293e-05
2.355000000000000000e+02 8.060583217890288673e-05
2.360000000000000000e+02 8.992657883852149981e-05
2.365000000000000000e+02 1.007828896233908757e-04
2.370000000000000000e+02 1.133441005356291696e-04
2.375000000000000000e+02 1.280994428369955699e-04
2.380000000000000000e+02 1.453695605177226873e-04
2.385000000000000000e+02 1.657173390996091907e-04
2.390000000000000000e+02 1.897478247131158442e-04
2.395000000000000000e+02 2.181557183303146517e-04
2.400000000000000000e+02 2.518874638959925382e-04
2.405000000000000000e+02 2.919105804959032878e-04
2.410000000000000000e+02 3.395396858946324076e-04
2.415000000000000000e+02 3.961288472882773938e-04
2.420000000000000000e+02 4.633157860384957993e-04
2.425000000000000000e+02 5.428824391180898283e-04
2.430000000000000000e+02 6.367484914009934873e-04
2.435000000000000000e+02 7.465934913738200363e-04
2.440000000000000000e+02 8.746403112811286821e-04
2.445000000000000000e+02 1.021885005154881017e-03
2.450000000000000000e+02 1.190429235238629150e-03
2.455000000000000000e+02 1.380367551920060835e-03
2.460000000000000000e+02 1.592345354514197514e-03
2.465000000000000000e+02 1.825450638722652189e-03
2.470000000000000000e+02 2.076916846971381750e-03
2.475000000000000000e+02 2.343937843013572508e-03
2.480000000000000000e+02 2.618876975701615872e-03
2.485000000000000000e+02 2.894929920322360066e-03
2.490000000000000000e+02 3.161107088969820900e-03
2.495000000000000000e+02 3.407288433589138188e-03
2.500000000000000000e+02 3.627923479561361020e-03
2.505000000000000000e+02 3.825047981629151484e-03
2.510000000000000000e+02 4.029521114757341101e-03
2.515000000000000000e+02 4.317678761860894825e-03
2.520000000000000000e+02 4.873110404962194796e-03
2.525000000000000000e+02 6.078578091832186232e-03
2.530000000000000000e+02 8.717763300781496832e-03
2.535000000000000000e+02 1.435712898080556202e-02
2.540000000000000000e+02 2.601729148958118604e-02
2.545000000000000000e+02 4.921321082909295430e-02
2.550000000000000000e+02 9.247467759372468565e-02
2.555000000000000000e+02 1.642767484024110769e-01
2.560000000000000000e+02 2.614773485246883467e-01
2.565000000000000000e+02 3.592060927694135097e-01
2.570000000000000000e+02 4.286610112499429914e-01
2.575000000000000000e+02 4.639443713782276935e-01
2.580000000000000000e+02 4.770951838906840603e-01
2.585000000000000000e+02 4.808340404339912499e-01
2.590000000000000000e+02 4.825166800412789003e-01
2.595000000000000000e+02 4.854875634047890465e-01
2.600000000000000000e+02 4.907327060699863130e-01
2.605000000000000000e+02 4.983585929323571251e-01
2.610000000000000000e+02 5.080388487297019529e-01
2.615000000000000000e+02 5.191528863527627990e-01
2.620000000000000000e+02 5.313417170092127328e-01
2.625000000000000000e+02 5.438305819172336575e-01
2.630000000000000000e+02 5.564248831025205844e-01
2.635000000000000000e+02 5.685263834931310045e-01
2.640000000000000000e+02 5.799819044675462720e-01
2.645000000000000000e+02 5.905274381593738076e-01
2.650000000000000000e+02 5.999766353035707045e-01
2.655000000000000000e+02 6.083530283268052674e-01
2.660000000000000000e+02 6.154836768421267923e-01
2.665000000000000000e+02 6.214969939235771568e-01
2.670000000000000000e+02 6.263513369320806712e-01
2.675000000000000000e+02 6.300341020940701808e-01
2.680000000000000000e+02 6.327833210824150845e-01
2.685000000000000000e+02 6.344417227242864499e-01
2.690000000000000000e+02 6.354413480437111073e-01
2.695000000000000000e+02 6.355329735759998044e-01
2.700000000000000000e+02 6.352279539572024403e-01
2.705000000000000000e+02 6.343908463736236403e-01
2.710000000000000000e+02 6.333620721932345932e-01
2.715000000000000000e+02 6.320281369964046991e-01
2.720000000000000000e+02 6.306453742753007630e-01
2.725000000000000000e+02 6.288109461170299230e-01
2.730000000000000000e+02 6.270131759119880188e-01
2.735000000000000000e+02 6.243807895178035139e-01
2.740000000000000000e+02 6.218210556161301028e-01
2.745000000000000000e+02 6.182288506910429415e-01
2.750000000000000000e+02 6.147122480188298432e-01
2.755000000000000000e+02 6.099233613171685109e-01
2.760000000000000000e+02 6.051907296584231322e-01
2.765000000000000000e+02 5.991232741236859338e-01
2.770000000000000000e+02 5.930852917401671087e-01
2.775000000000000000e+02 5.862805383306948226e-01
2.780000000000000000e+02 5.794790587530370685e-01
2.785000000000000000e+02 5.739317478021156438e-01
2.790000000000000000e+02 5.683702444537537257e-01
2.795000000000000000e+02 5.668986883711858438e-01
2.800000000000000000e+02 5.654061387852559184e-01
2.805000000000000000e+02 5.687203157228036821e-01
2.810000000000000000e+02 5.720094815487005713e-01
2.815000000000000000e+02 5.779355372190806417e-01
2.820000000000000000e+02 5.838358896117451513e-01
2.825000000000000000e+02 5.899637330821811965e-01
2.830000000000000000e+02 5.960666248858351723e-01
2.835000000000000000e+02 6.012899895176020415e-01
2.840000000000000000e+02 6.064927330124881832e-01
2.845000000000000000e+02 6.106315410998652826e-01
2.850000000000000000e+02 6.147498017508241652e-01
2.855000000000000000e+02 6.179258311633945011e-01
2.860000000000000000e+02 6.210830747899245274e-01
2.865000000000000000e+02 6.234621659010345374e-01
2.870000000000000000e+02 6.258182471947266734e-01
2.875000000000000000e+02 6.275705711625831906e-01
2.880000000000000000e+02 6.292919614106642356e-01
2.885000000000000000e+02 6.305570455691529297e-01
2.890000000000000000e+02 6.317794907943803384e-01
2.895000000000000000e+02 6.326678623779358190e-01
2.900000000000000000e+02 6.335018565582494210e-01
2.905000000000000000e+02 6.340711082547496602e-01
2.910000000000000000e+02 6.345768047815818491e-01
2.915000000000000000e+02 6.348165788822981437e-01
2.920000000000000000e+02 6.349888808915660210e-01
2.925000000000000000e+02 6.349287221786168445e-01
2.930000000000000000e+02 6.348037409293630917e-01
2.935000000000000000e+02 6.344991340151936443e-01
2.940000000000000000e+02 6.341452684050774558e-01
2.945000000000000000e+02 6.336589920305929491e-01
2.950000000000000000e+02 6.331480187258746728e-01
2.955000000000000000e+02 6.325453496171690171e-01
2.960000000000000000e+02 6.319527649993589291e-01
2.965000000000000000e+02 6.313133157653203487e-01
2.970000000000000000e+02 6.307212020125499974e-01
2.975000000000000000e+02 6.301150401760572395e-01
2.980000000000000000e+02 6.295958891225985621e-01
2.985000000000000000e+02 6.290807066405184056e-01
2.990000000000000000e+02 6.286818877533556504e-01
2.995000000000000000e+02 6.283256067091795849e-01
3.000000000000000000e+02 6.280957584907332913e-01
3.005000000000000000e+02 6.279630627783395758e-01
3.010000000000000000e+02 6.279247519102877373e-01
3.015000000000000000e+02 6.279535963941318411e-01
3.020000000000000000e+02 6.279836939175992283e-01
3.025000000000000000e+02 6.278801414831727268e-01
3.030000000000000000e+02 6.276044902630043554e-01
3.035000000000000000e+02 6.269148392123048419e-01
3.040000000000000000e+02 6.257701299711814213e-01
3.045000000000000000e+02 6.238109012895237671e-01
3.050000000000000000e+02 6.209915801845055094e-01
3.055000000000000000e+02 6.168774812141974984e-01
3.060000000000000000e+02 6.113871542412120386e-01
3.065000000000000000e+02 6.040794588735804993e-01
3.070000000000000000e+02 5.948342858890161011e-01
3.075000000000000000e+02 5.832790002965460019e-01
3.080000000000000000e+02 5.693142396078915146e-01
3.085000000000000000e+02 5.527141286728800562e-01
3.090000000000000000e+02 5.335118760357993040e-01
3.095000000000000000e+02 5.116801227548196662e-01
3.100000000000000000e+02 4.875045001016539148e-01
3.105000000000000000e+02 4.612229696904134868e-01
3.110000000000000000e+02 4.333340761730291035e-01
3.115000000000000000e+02 4.043557345800147806e-01
3.120000000000000000e+02 3.748045895217491097e-01
3.125000000000000000e+02 3.452874613552031624e-01
3.130000000000000000e+02 3.162361678894983208e-01
3.135000000000000000e+02 2.881196699097953173e-01
3.140000000000000000e+02 2.612667647968794915e-01
3.145000000000000000e+02 2.360049993523626599e-01
3.150000000000000000e+02 2.124455936286673563e-01
3.155000000000000000e+02 1.907517065093240205e-01
3.160000000000000000e+02 1.708746900387441148e-01
3.165000000000000000e+02 1.528517273493977258e-01
3.170000000000000000e+02 1.365414909387650533e-01
3.175000000000000000e+02 1.219214810281112060e-01
3.180000000000000000e+02 1.087955118067352178e-01
3.185000000000000000e+02 9.711615872507053937e-02
3.190000000000000000e+02 8.667812950389117144e-02
3.195000000000000000e+02 7.741919641167412103e-02
3.200000000000000000e+02 6.916163764524391189e-02
3.205000000000000000e+02 6.183416425870861405e-02
3.210000000000000000e+02 5.530262611626200753e-02
3.215000000000000000e+02 4.948776384817774737e-02
3.220000000000000000e+02 4.430364677817928698e-02
3.225000000000000000e+02 3.967021871495089724e-02
3.230000000000000000e+02 3.553697129509671149e-02
3.235000000000000000e+02 3.183526446263263560e-02
3.240000000000000000e+02 2.853083040135716286e-02
3.245000000000000000e+02 2.556796160866557990e-02
3.250000000000000000e+02 2.292053080287883779e-02
3.255000000000000000e+02 2.053546784121568214e-02
3.260000000000000000e+02 1.840343673035645111e-02
3.265000000000000000e+02 1.649641101444013908e-02
3.270000000000000000e+02 1.478951158710872793e-02
3.275000000000000000e+02 1.326125456455357933e-02
3.280000000000000000e+02 1.189219710830198562e-02
3.285000000000000000e+02 1.066529339252308799e-02
3.290000000000000000e+02 9.565277900831397825e-03
3.295000000000000000e+02 8.578951466315305405e-03
