1.800000000000000000e+02 7.493686673418186914e-08
1.805000000000000000e+02 1.190051682691907895e-07
1.810000000000000000e+02 1.765453036534807416e-07
1.815000000000000000e+02 2.861393915773875336e-07
1.820000000000000000e+02 4.295867564398818472e-07
1.825000000000000000e+02 7.102468326925093022e-07
1.830000000000000000e+02 1.077534640849916603e-06
1.835000000000000000e+02 1.804218685523223196e-06
1.840000000000000000e+02 2.750959222591229521e-06
1.845000000000000000e+02 4.641742791087772802e-06
1.850000000000000000e+02 7.081626876245203089e-06
1.855000000000000000e+02 1.203604623444048704e-05
1.860000000000000000e+02 1.833282443477779770e-05
1.865000000000000000e+02 3.149938495704146128e-05
1.870000000000000000e+02 4.788620057226498900e-05
1.875000000000000000e+02 8.406072092200027020e-05
1.880000000000000000e+02 1.279378369396418362e-04
1.885000000000000000e+02 2.311533983375806134e-04
1.890000000000000000e+02 3.527228073304468272e-04
1.895000000000000000e+02 6.604391388732977052e-04
1.900000000000000000e+02 1.011961118318027708e-03
1.905000000000000000e+02 1.973935146904427004e-03
1.910000000000000000e+02 3.041351453821013618e-03
1.915000000000000000e+02 6.227723390277621097e-03
1.920000000000000000e+02 9.674426732771716428e-03
1.925000000000000000e+02 2.085015130065001263e-02
1.930000000000000000e+02 3.268784853121814438e-02
1.935000000000000000e+02 6.776368923589309867e-02
1.940000000000000000e+02 1.042827527975860730e-01
1.945000000000000000e+02 1.531950038144625492e-01
1.950000000000000000e+02 2.032651422604858094e-01
1.955000000000000000e+02 2.173689927076988271e-01
1.960000000000000000e+02 2.312393061503800751e-01
1.965000000000000000e+02 2.404547636740403949e-01
1.970000000000000000e+02 2.493597211901976418e-01
1.975000000000000000e+02 2.731006405280474447e-01
1.980000000000000000e+02 2.966783489087037040e-01
1.985000000000000000e+02 3.350286881468357847e-01
1.990000000000000000e+02 3.732096672192410369e-01
1.995000000000000000e+02 4.177164151832463701e-01
2.000000000000000000e+02 4.619776739503290708e-01
2.005000000000000000e+02 4.968605648895222937e-01
2.010000000000000000e+02 5.314802269711201843e-01
2.015000000000000000e+02 5.416270957581911238e-01
2.020000000000000000e+02 5.516219370828027158e-01
2.025000000000000000e+02 5.401367596510868729e-01
2.030000000000000000e+02 5.286515889557409364e-01
2.035000000000000000e+02 5.119004742792782059e-01
2.040000000000000000e+02 4.952327879810641265e-01
2.045000000000000000e+02 4.844816474826712516e-01
2.050000000000000000e+02 4.738334047744091060e-01
2.055000000000000000e+02 4.712488608448176519e-01
2.060000000000000000e+02 4.687671549917870051e-01
2.065000000000000000e+02 4.724276472460450793e-01
2.070000000000000000e+02 4.761930037287905870e-01
2.075000000000000000e+02 4.830304635999478902e-01
2.080000000000000000e+02 4.899778977250628387e-01
2.085000000000000000e+02 4.978961535432269159e-01
2.090000000000000000e+02 5.059213754381663986e-01
2.095000000000000000e+02 5.142508380984609495e-01
2.100000000000000000e+02 5.226770866930844361e-01
2.105000000000000000e+02 5.305769907685600195e-01
2.110000000000000000e+02 5.385531674614922881e-01
2.115000000000000000e+02 5.444914051349759587e-01
2.120000000000000000e+02 5.504781894882099236e-01
2.125000000000000000e+02 5.532052319840157217e-01
2.130000000000000000e+02 5.559454198005783221e-01
2.135000000000000000e+02 5.561937493605281224e-01
2.140000000000000000e+02 5.564246858376649119e-01
2.145000000000000000e+02 5.558350981106225941e-01
2.150000000000000000e+02 5.552074505964402773e-01
2.155000000000000000e+02 5.544293129490508454e-01
2.160000000000000000e+02 5.535999548541599147e-01
2.165000000000000000e+02 5.522197909493045120e-01
2.170000000000000000e+02 5.507827791342334578e-01
2.175000000000000000e+02 5.488635613388845869e-01
2.180000000000000000e+02 5.468902636727486222e-01
2.185000000000000000e+02 5.455607401961228842e-01
2.190000000000000000e+02 5.441842095009075120e-01
2.195000000000000000e+02 5.446491634608352506e-01
2.200000000000000000e+02 5.450781901919161676e-01
2.205000000000000000e+02 5.475322749124112987e-01
2.210000000000000000e+02 5.499614575381862602e-01
2.215000000000000000e+02 5.534119575674087965e-01
2.220000000000000000e+02 5.568469233430913823e-01
2.225000000000000000e+02 5.600003051989492775e-01
2.230000000000000000e+02 5.631489866245857900e-01
2.235000000000000000e+02 5.653331235432212942e-01
2.240000000000000000e+02 5.675182199846561248e-01
2.245000000000000000e+02 5.690829971989169733e-01
2.250000000000000000e+02 5.706499644125100357e-01
2.255000000000000000e+02 5.720416423681448093e-01
2.260000000000000000e+02 5.734355611757935289e-01
2.265000000000000000e+02 5.744983734055442159e-01
2.270000000000000000e+02 5.755599882140174373e-01
2.275000000000000000e+02 5.757908983710056106e-01
2.280000000000000000e+02 5.760125441605289387e-01
2.285000000000000000e+02 5.754132979603840958e-01
2.290000000000000000e+02 5.747968268513259371e-01
2.295000000000000000e+02 5.740652870727707136e-01
2.300000000000000000e+02 5.733109141909850104e-01
2.305000000000000000e+02 5.731048489961263481e-01
2.310000000000000000e+02 5.728746799061339434e-01
2.315000000000000000e+02 5.730554316717718644e-01
2.320000000000000000e+02 5.732141290129832978e-01
2.325000000000000000e+02 5.731102651179852403e-01
2.330000000000000000e+02 5.729948522779720887e-01
2.335000000000000000e+02 5.721637232529185324e-01
2.340000000000000000e+02 5.713342742900707760e-01
2.345000000000000000e+02 5.702311043115032563e-01
2.350000000000000000e+02 5.691469576678837017e-01
2.355000000000000000e+02 5.685783879529957563e-01
2.360000000000000000e+02 5.680466385217487479e-01
2.365000000000000000e+02 5.684455770579044387e-01
2.370000000000000000e+02 5.688958592124357949e-01
2.375000000000000000e+02 5.701207577523405012e-01
2.380000000000000000e+02 5.713997473704458541e-01
2.385000000000000000e+02 5.729142940211440216e-01
2.390000000000000000e+02 5.744652450338414429e-01
2.395000000000000000e+02 5.758808662482676199e-01
2.400000000000000000e+02 5.772879918790223552e-01
2.405000000000000000e+02 5.784682868052882787e-01
2.410000000000000000e+02 5.795581905213046392e-01
2.415000000000000000e+02 5.804151531790204821e-01
2.420000000000000000e+02 5.810544404311451805e-01
2.425000000000000000e+02 5.813891200470155951e-01
2.430000000000000000e+02 5.813334085494840098e-01
2.435000000000000000e+02 5.805353425521252442e-01
2.440000000000000000e+02 5.791435671339829616e-01
2.445000000000000000e+02 5.765712283649869763e-01
2.450000000000000000e+02 5.731988314563182252e-01
2.455000000000000000e+02 5.686059423426451653e-01
2.460000000000000000e+02 5.630549393529408198e-01
2.465000000000000000e+02 5.565679224733188768e-01
2.470000000000000000e+02 5.490706233602886677e-01
2.475000000000000000e+02 5.409729098897954058e-01
2.480000000000000000e+02 5.319694260055110036e-01
2.485000000000000000e+02 5.224734383188796016e-01
2.490000000000000000e+02 5.123841085830760367e-01
2.495000000000000000e+02 5.018651202044897008e-01
2.500000000000000000e+02 4.912897195132188699e-01
2.505000000000000000e+02 4.806829641595025127e-01
2.510000000000000000e+02 4.707360906894207386e-01
2.515000000000000000e+02 4.615341665421130446e-01
2.520000000000000000e+02 4.537663762254838806e-01
2.525000000000000000e+02 4.476639698994893668e-01
2.530000000000000000e+02 4.434073574076107249e-01
2.535000000000000000e+02 4.407899023101228275e-01
2.540000000000000000e+02 4.380834684203167018e-01
2.545000000000000000e+02 4.315912242975744051e-01
2.550000000000000000e+02 4.129962805489702515e-01
2.555000000000000000e+02 3.703887521835777519e-01
2.560000000000000000e+02 2.963548857658054314e-01
2.565000000000000000e+02 2.038407471319808317e-01
2.570000000000000000e+02 1.213454879353174365e-01
2.575000000000000000e+02 6.558742305782744308e-02
2.580000000000000000e+02 3.428356117445610640e-02
2.585000000000000000e+02 1.857173425070329092e-02
2.590000000000000000e+02 1.125251968107563241e-02
2.595000000000000000e+02 8.067397046746591430e-03
2.600000000000000000e+02 6.783831751798717613e-03
2.605000000000000000e+02 6.300251927525740009e-03
2.610000000000000000e+02 6.093813789657331718e-03
2.615000000000000000e+02 5.929251420322603078e-03
2.620000000000000000e+02 5.716358634690851467e-03
2.625000000000000000e+02 5.427843365293782106e-03
2.630000000000000000e+02 5.072985153273151457e-03
2.635000000000000000e+02 4.668461978528098445e-03
2.640000000000000000e+02 4.237359930323446322e-03
2.645000000000000000e+02 3.799251188927000797e-03
2.650000000000000000e+02 3.370351916803266280e-03
2.655000000000000000e+02 2.963445497599572105e-03
2.660000000000000000e+02 2.585983526212904879e-03
2.665000000000000000e+02 2.243263966507109269e-03
2.670000000000000000e+02 1.936861569258419491e-03
2.675000000000000000e+02 1.666489657857328239e-03
2.680000000000000000e+02 1.431002913449053605e-03
2.685000000000000000e+02 1.227321708762291663e-03
2.690000000000000000e+02 1.053080323113832857e-03
2.695000000000000000e+02 9.043778504966206583e-04
2.700000000000000000e+02 7.785696711814774811e-04
2.705000000000000000e+02 6.721750809884857823e-04
2.710000000000000000e+02 5.825774467584700919e-04
2.715000000000000000e+02 5.069762894262557678e-04
2.720000000000000000e+02 4.432464349130818440e-04
2.725000000000000000e+02 3.891134965098429644e-04
2.730000000000000000e+02 3.432360644092225486e-04
2.735000000000000000e+02 3.037344441162316403e-04
2.740000000000000000e+02 2.699574919472702778e-04
2.745000000000000000e+02 2.404689857092561910e-04
2.750000000000000000e+02 2.149720944953525568e-04
2.755000000000000000e+02 1.923692809144061445e-04
2.760000000000000000e+02 1.726066172130998641e-04
2.765000000000000000e+02 1.548700917457360756e-04
2.770000000000000000e+02 1.392166056559135270e-04
2.775000000000000000e+02 1.251685534396183169e-04
2.780000000000000000e+02 1.126682623224979651e-04
2.785000000000000000e+02 1.017315925033007820e-04
2.790000000000000000e+02 9.192900609936780333e-05
2.795000000000000000e+02 8.372797001841835189e-05
2.800000000000000000e+02 7.630260997802322629e-05
2.805000000000000000e+02 7.017392743755296455e-05
2.810000000000000000e+02 6.457493456984257098e-05
2.815000000000000000e+02 5.972048419285864285e-05
2.820000000000000000e+02 5.526532441302174208e-05
2.825000000000000000e+02 5.119118384390277315e-05
2.830000000000000000e+02 4.744128217491382830e-05
2.835000000000000000e+02 4.393751516730181261e-05
2.840000000000000000e+02 4.072451939972303840e-05
2.845000000000000000e+02 3.771264271459769623e-05
2.850000000000000000e+02 3.495586385223881239e-05
2.855000000000000000e+02 3.238858433080495650e-05
2.860000000000000000e+02 3.003725167755468239e-05
2.865000000000000000e+02 2.784850034142134185e-05
2.870000000000000000e+02 2.584693266807570457e-05
2.875000000000000000e+02 2.398940242958111081e-05
2.880000000000000000e+02 2.229144132078565493e-05
2.885000000000000000e+02 2.071123703796158780e-05
2.890000000000000000e+02 1.925392583389316618e-05
2.895000000000000000e+02 1.790636029315102772e-05
2.900000000000000000e+02 1.665484338908396376e-05
2.905000000000000000e+02 1.549491249353990725e-05
2.910000000000000000e+02 1.441494018647637781e-05
2.915000000000000000e+02 1.340513821320480178e-05
2.920000000000000000e+02 1.246465486591086569e-05
2.925000000000000000e+02 1.158474962855557934e-05
2.930000000000000000e+02 1.076310172078330623e-05
2.935000000000000000e+02 9.991973507636631592e-06
2.940000000000000000e+02 9.273694692331443622e-06
2.945000000000000000e+02 8.601130886432803479e-06
2.950000000000000000e+02 7.975816877046641089e-06
2.955000000000000000e+02 7.390881465183925407e-06
2.960000000000000000e+02 6.847482724041078230e-06
2.965000000000000000e+02 6.344910181607371325e-06
2.970000000000000000e+02 5.878084696814296883e-06
2.975000000000000000e+02 5.446311012933503558e-06
2.980000000000000000e+02 5.050458056296708512e-06
2.985000000000000000e+02 4.689774176385917423e-06
2.990000000000000000e+02 4.365156256615808911e-06
2.995000000000000000e+02 4.064045782407064365e-06
3.000000000000000000e+02 3.793062256902801209e-06
3.005000000000000000e+02 3.552094883527566865e-06
3.010000000000000000e+02 3.335235590905687004e-06
3.015000000000000000e+02 3.148531364561798694e-06
3.020000000000000000e+02 2.973891584792530597e-06
3.025000000000000000e+02 2.823040248941552724e-06
3.030000000000000000e+02 2.690273798051332236e-06
3.035000000000000000e+02 2.569100907276136662e-06
3.040000000000000000e+02 2.466028352606950899e-06
3.045000000000000000e+02 2.362385718190059898e-06
3.050000000000000000e+02 2.270868206134037679e-06
3.055000000000000000e+02 2.184798241527506815e-06
3.060000000000000000e+02 2.092916182770985003e-06
3.065000000000000000e+02 2.000692165659984378e-06
3.070000000000000000e+02 1.908694501618652002e-06
3.075000000000000000e+02 1.810620250345567899e-06
3.080000000000000000e+02 1.700929233907489443e-06
3.085000000000000000e+02 1.585383793506637584e-06
3.090000000000000000e+02 1.458344338943378903e-06
3.095000000000000000e+02 1.325552708545474220e-06
3.100000000000000000e+02 1.187319667118400519e-06
3.105000000000000000e+02 1.049406223091392402e-06
3.110000000000000000e+02 9.061387932274672060e-07
3.115000000000000000e+02 7.693317966526962965e-07
3.120000000000000000e+02 6.389040967943544518e-07
3.125000000000000000e+02 5.207704683402399803e-07
3.130000000000000000e+02 4.088841174974985527e-07
3.135000000000000000e+02 3.090803049459157355e-07
3.140000000000000000e+02 2.270660361556253913e-07
3.145000000000000000e+02 1.569804177965259317e-07
3.150000000000000000e+02 1.045075147337971714e-07
3.155000000000000000e+02 6.379781137186199830e-08
3.160000000000000000e+02 3.476177416106858037e-08
3.165000000000000000e+02 1.736933270271734793e-08
3.170000000000000000e+02 1.157185221660027597e-08
3.175000000000000000e+02 1.157081790481997286e-08
3.180000000000000000e+02 2.313956718607933951e-08
3.185000000000000000e+02 4.052003587508129462e-08
3.190000000000000000e+02 6.371487441710872693e-08
3.195000000000000000e+02 9.280125765582439562e-08
3.200000000000000000e+02 1.219658138229677933e-07
3.205000000000000000e+02 1.512869706436408222e-07
3.210000000000000000e+02 1.865460282863444945e-07
3.215000000000000000e+02 2.278062528695526510e-07
3.220000000000000000e+02 2.633763851136034591e-07
3.225000000000000000e+02 2.990084361696446254e-07
3.230000000000000000e+02 3.347617106862883520e-07
3.235000000000000000e+02 3.704854036402326900e-07
3.240000000000000000e+02 4.063015952884365768e-07
3.245000000000000000e+02 4.361256510769551420e-07
3.250000000000000000e+02 4.660013164874195771e-07
3.255000000000000000e+02 4.954930749953195435e-07
3.260000000000000000e+02 5.249845959198665299e-07
3.265000000000000000e+02 5.485771996944538418e-07
3.270000000000000000e+02 5.662709575940867590e-07
3.275000000000000000e+02 5.898632049936444952e-07
3.280000000000000000e+02 6.016580457433177378e-07
3.285000000000000000e+02 6.193513759929151641e-07
3.290000000000000000e+02 6.311460029175708730e-07
3.295000000000000000e+02 6.370419977922899326e-07
