1.133088531187122960e+01 1.241825361484093313e-04
1.236096579476861379e+01 1.884670948323855118e-04
1.339104627766599798e+01 1.539043040033892775e-05
1.442112676056338394e+01 -4.040784015996719096e-04
1.545120724346076813e+01 -4.657217644630856569e-04
1.648128772635815409e+01 8.447595675654220090e-04
1.751136820925553650e+01 1.070406216477855048e-03
1.854144869215291891e+01 -1.792815921308839777e-04
1.957152917505030487e+01 -1.858544404342706241e-04
2.060160965794768728e+01 -3.031152652224264462e-04
2.163169014084507324e+01 -5.692237210598099454e-04
2.266177062374245921e+01 -4.173271680518748764e-04
2.369185110663984162e+01 -5.499478229103253431e-04
2.472193158953722758e+01 -4.684092218386857478e-04
2.575201207243461354e+01 -6.977490287152229116e-04
2.678209255533199595e+01 -6.150871272437877192e-04
2.781217303822938192e+01 -4.711043591771529935e-04
2.884225352112676788e+01 -4.331581515560741706e-04
2.987233400402415029e+01 -1.378448704272608710e-04
3.090241448692153625e+01 -6.157010720221275935e-04
3.193249496981891866e+01 -5.628669814498874803e-04
3.296257545271630818e+01 1.969776599228499354e-05
3.399265593561369059e+01 1.916305232075944274e-03
3.502273641851107300e+01 1.170202192363370202e-03
3.605281690140845541e+01 2.796082628063779885e-03
3.708289738430583782e+01 6.411376037249720550e-03
3.811297786720322733e+01 1.005862194784803813e-02
3.914305835010060974e+01 1.149118923849768575e-02
4.017313883299799215e+01 1.108359326457376143e-02
4.120321931589537456e+01 1.040076529080798985e-02
4.223329979879276408e+01 9.712226544161116359e-03
4.326338028169014649e+01 8.587063282597071426e-03
4.429346076458752890e+01 7.152307384858619908e-03
4.532354124748491842e+01 5.554145233478496001e-03
4.635362173038230083e+01 4.174717629508186562e-03
4.738370221327968324e+01 4.000325130077927484e-03
4.841378269617707275e+01 2.916908081424169664e-03
4.944386317907445516e+01 2.033572583025168926e-03
5.047394366197183757e+01 2.945082066800889815e-03
5.150402414486922709e+01 2.459561780222069109e-03
5.253410462776660950e+01 6.215444446005805512e-04
5.356418511066399191e+01 -1.501263346061644370e-04
5.459426559356138142e+01 -4.624700331519379366e-04
5.562434607645876383e+01 -4.247665537789847780e-04
5.665442655935614624e+01 -5.989617285393433960e-04
5.768450704225353576e+01 -4.701161208689056737e-04
5.871458752515091817e+01 -4.582601555179417795e-04
5.974466800804830058e+01 -2.082103215439991229e-04
6.077474849094568299e+01 -2.856805729943376489e-04
6.180482897384307250e+01 -3.059603314062658516e-04
6.283490945674045491e+01 -8.771834162953075188e-05
6.386498993963783732e+01 -1.691866475820027950e-04
6.489507042253522684e+01 -1.592054029376248532e-04
6.592515090543261636e+01 2.876364692619873633e-04
6.695523138832999166e+01 1.202362560735704402e-03
6.798531187122738118e+01 2.766250341157568387e-03
6.901539235412475648e+01 3.202155936257550586e-03
7.004547283702214600e+01 5.779151450944416089e-03
7.107555331991952130e+01 1.314993079718212651e-02
7.210563380281691082e+01 2.834388350329708484e-02
7.313571428571430033e+01 6.929491918595719058e-02
7.416579476861167564e+01 1.584891047754565796e-01
7.519587525150906515e+01 2.865836683270633900e-01
7.622595573440645467e+01 3.986354350686129311e-01
7.725603621730382997e+01 4.845873310076040386e-01
7.828611670020121949e+01 5.737609600822222156e-01
7.931619718309860900e+01 6.313508381002501668e-01
8.034627766599598431e+01 6.501016382979352137e-01
8.137635814889337382e+01 6.241927057297901316e-01
8.240643863179074913e+01 5.655698390097829709e-01
8.343651911468813864e+01 5.841339602625483796e-01
8.446659959758552816e+01 6.945269636298163629e-01
8.549668008048290346e+01 7.991759910557947322e-01
8.652676056338029298e+01 8.005721704197463762e-01
8.755684104627768249e+01 7.489571645044176273e-01
8.858692152917505780e+01 7.593279953990755837e-01
8.961700201207244731e+01 8.135942133718994107e-01
9.064708249496983683e+01 8.415741679623780502e-01
9.167716297786721213e+01 8.403348093366693750e-01
9.270724346076460165e+01 8.435173977836941672e-01
9.373732394366199117e+01 8.510985852926533646e-01
9.476740442655936647e+01 8.509317219484899830e-01
9.579748490945675599e+01 8.554744192382958135e-01
9.682756539235414550e+01 8.641526089208707573e-01
9.785764587525152081e+01 8.785680652201617313e-01
9.888772635814891032e+01 8.954006389509943098e-01
9.991780684104629984e+01 8.789739091931751958e-01
1.009478873239436751e+02 8.091718082847009219e-01
1.019779678068410647e+02 7.347548946504544043e-01
1.030080482897384542e+02 7.678301907005408156e-01
1.040381287726358295e+02 8.562212182177576514e-01
1.050682092555332190e+02 8.249965956811051715e-01
1.060982897384306085e+02 6.731463304138699533e-01
1.071283702213279838e+02 5.034833555898100554e-01
1.081584507042253733e+02 3.924401631220607034e-01
1.091885311871227628e+02 3.326718190075822479e-01
1.102186116700201381e+02 2.614214301756002667e-01
1.112486921529175277e+02 1.768844139658838077e-01
1.122787726358149172e+02 9.749681623984431111e-02
1.133088531187122925e+02 5.046541497219809991e-02
1.143389336016096820e+02 3.380693985132712104e-02
1.153690140845070715e+02 2.337805095413083775e-03
1.163990945674044468e+02 8.136491312699336729e-04
1.174291750503018363e+02 -7.912562093466011994e-06
1.184592555331992259e+02 1.860643779007845305e-04
1.194893360160966012e+02 6.675659099226548656e-04
1.205194164989939907e+02 -2.678909224611056685e-04
1.215494969818913660e+02 -4.087809397010498018e-04
1.225795774647887555e+02 -5.132464151985009857e-04
1.236096579476861450e+02 -4.703892727996008194e-04
1.246397384305835203e+02 -4.983738156159070410e-04
1.256698189134809098e+02 -5.123098228457374738e-04
1.266998993963782993e+02 -3.371877916561974334e-04
1.277299798792756746e+02 -5.637793358030711516e-04
1.287600603621730784e+02 -4.233421477669858219e-04
1.297901408450704537e+02 -6.512379651233783911e-04
1.308202213279678290e+02 -6.395544462806450033e-04
1.318503018108652327e+02 -4.084319778143501666e-04
1.328803822937626080e+02 -5.547541887186611086e-04
1.339104627766599833e+02 -4.286555524510748038e-04
1.349405432595573870e+02 -1.441071364889324688e-04
1.359706237424547624e+02 3.001803023332525518e-04
1.370007042253521377e+02 -1.951957544463544061e-04
1.380307847082495130e+02 -6.253817474925789507e-04
1.390608651911469167e+02 -5.508817482595536287e-04
1.400909456740442920e+02 -3.820812834641174570e-04
1.411210261569416673e+02 -5.033896221167621053e-04
1.421511066398390426e+02 -7.825823252812289096e-04
1.431811871227364463e+02 -8.531379234508578964e-04
1.442112676056338216e+02 -5.292112045434323479e-04
1.452413480885312254e+02 -5.435679440580164484e-04
1.462714285714286007e+02 -5.094596964601565570e-04
1.473015090543259760e+02 -1.017175182131254351e-04
1.483315895372233513e+02 -3.112885361403172060e-04
1.493616700201207550e+02 -2.209806759001469562e-04
1.503917505030181303e+02 -1.872869480739081127e-04
1.514218309859155340e+02 1.939620494213417450e-04
1.524519114688129093e+02 1.012266330710945121e-03
1.534819919517102846e+02 2.486960819074878100e-03
1.545120724346076599e+02 1.175228131747297049e-03
1.555421529175050637e+02 5.176432010868545555e-04
1.565722334004024390e+02 4.179634448698846738e-04
1.576023138832998427e+02 5.092152312552466510e-04
1.586323943661972180e+02 1.501729984816727883e-04
1.596624748490945933e+02 4.062216190036612210e-04
1.606925553319919686e+02 6.174323295833841372e-04
1.617226358148893723e+02 1.343794317702987550e-03
1.627527162977867476e+02 1.295850385039596644e-03
1.637827967806841514e+02 3.417104777259823687e-04
1.648128772635814983e+02 -4.942878344061815384e-05
1.658429577464789020e+02 1.182126507109868289e-04
1.668730382293762773e+02 2.309130641504398055e-04
1.679031187122736810e+02 3.133456873376715092e-04
1.689331991951710563e+02 8.384551146293622035e-04
1.699632796780684600e+02 2.204631267717182923e-03
1.709933601609658069e+02 1.871972964788670571e-03
1.720234406438632107e+02 7.015766752136621967e-04
1.730535211267605860e+02 1.919608448982383392e-04
1.740836016096579897e+02 1.796687409380379766e-05
1.751136820925553650e+02 1.539987200737447971e-04
1.761437625754527687e+02 3.139293386375354485e-04
1.771738430583501156e+02 2.536846033789518970e-04
1.782039235412475193e+02 5.543773738442718318e-04
1.792340040241448946e+02 7.728104419954398910e-04
1.802640845070422984e+02 6.632978145549191500e-04
1.812941649899396737e+02 3.046963051907163110e-04
1.823242454728370774e+02 -3.192700186786581458e-04
1.833543259557344243e+02 -1.385361931223952489e-04
1.843844064386318280e+02 1.178871777554513271e-04
1.854144869215292033e+02 -5.849438589372138214e-05
1.864445674044266070e+02 3.961301838861473745e-04
1.874746478873239823e+02 1.165606102008138068e-03
1.885047283702213861e+02 4.833861791061140915e-04
1.895348088531187329e+02 1.230213819697289449e-04
1.905648893360161367e+02 7.496806893131184851e-05
1.915949698189135120e+02 -1.799639421739526507e-04
1.926250503018109157e+02 -2.240907749841649537e-04
1.936551307847082910e+02 2.524888040448764137e-05
1.946852112676056947e+02 -1.141089019676402378e-04
1.957152917505030416e+02 -1.570167617812561335e-04
1.967453722334004453e+02 -2.349274842814377416e-04
1.977754527162978206e+02 5.756934288250925641e-06
1.988055331991952244e+02 -8.760837826194842139e-05
1.998356136820925997e+02 -1.880923059490321146e-04
2.008656941649900034e+02 -3.479429748607930801e-05
2.018957746478873503e+02 -1.826849357175646174e-04
2.029258551307847540e+02 -2.042980403991932151e-04
2.039559356136821293e+02 6.691548441776939320e-04
2.049860160965795330e+02 1.355917496074566945e-03
2.060160965794769083e+02 5.823618816825231771e-05
2.070461770623743121e+02 -8.667762410312652966e-05
2.080762575452716590e+02 -3.104846903731543458e-04
2.091063380281690627e+02 -4.128793016216662846e-04
2.101364185110664380e+02 -5.079099797551816804e-04
2.111664989939638417e+02 -7.208578408294244108e-04
2.121965794768612170e+02 -4.012955242997160821e-04
2.132266599597585923e+02 -4.289480277072290487e-04
2.142567404426559676e+02 -2.942557153288567436e-04
2.152868209255533714e+02 -3.042593271919101505e-04
2.163169014084507467e+02 -3.570125273744293132e-04
2.173469818913481504e+02 -3.371529152474215391e-04
2.183770623742455257e+02 -4.245831319193061238e-04
2.194071428571429010e+02 -8.873381238704295326e-04
2.204372233400402763e+02 -3.579054784719542192e-04
2.214673038229376800e+02 1.213225411064818536e-03
2.224973843058350553e+02 9.941556120309014751e-04
2.235274647887324591e+02 -6.416613541420056188e-04
2.245575452716298344e+02 -7.023279050261316053e-04
2.255876257545272097e+02 -5.000771029086692465e-04
2.266177062374245850e+02 -3.789355168133455402e-04
2.276477867203219887e+02 -4.618474663444908945e-04
2.286778672032193640e+02 -4.570110095634339264e-04
2.297079476861167677e+02 -6.988379993458037048e-04
2.307380281690141430e+02 -3.922003266087588022e-04
2.317681086519115183e+02 -4.189979792892232265e-04
2.327981891348088936e+02 -8.290439594661590944e-04
2.338282696177062974e+02 -8.492966490562494286e-04
2.348583501006036727e+02 -6.878780161771319568e-04
2.358884305835010764e+02 -7.653792105335673101e-04
2.369185110663984517e+02 -4.900831916760063287e-04
2.379485915492958270e+02 -1.949698531050536371e-04
2.389786720321932023e+02 5.530752713319120025e-04
2.400087525150906060e+02 -6.957646535563685036e-04
2.410388329979879813e+02 -8.857880415932211466e-04
2.420689134808853851e+02 -5.260494520808442270e-04
2.430989939637827320e+02 -2.649622294489317395e-04
2.441290744466801357e+02 -6.229290359488363947e-04
2.451591549295775110e+02 -8.033992046704804303e-04
2.461892354124749147e+02 -7.622421643160176043e-04
2.472193158953722900e+02 -7.757688162909994519e-04
2.482493963782696937e+02 -9.321145397935178814e-04
2.492794768611670406e+02 -3.899441331706576396e-04
2.503095573440644444e+02 -6.081928688307348084e-04
2.513396378269618197e+02 -6.510724002409901340e-04
2.523697183098592234e+02 -9.732782638965134210e-04
2.533997987927565987e+02 -9.506501604695340776e-04
2.544298792756540024e+02 -7.071549434480679189e-04
2.554599597585513493e+02 -6.617786219180297894e-04
