1.133088531187122960e+01 -8.767508254703605024e-04
1.236096579476861379e+01 -9.780725109658594367e-04
1.339104627766599798e+01 -8.803310452963390926e-04
1.442112676056338394e+01 -7.524087793800212243e-04
1.545120724346076813e+01 -3.743367489031620477e-04
1.648128772635815409e+01 4.416672659475362082e-04
1.751136820925553650e+01 1.873164587153639319e-04
1.854144869215291891e+01 -6.805408468986372510e-04
1.957152917505030487e+01 -7.198276326470526157e-04
2.060160965794768728e+01 -1.002970991927985226e-03
2.163169014084507324e+01 -8.708028380978643851e-04
2.266177062374245921e+01 -8.739336526399760479e-04
2.369185110663984162e+01 -9.477467828967481517e-04
2.472193158953722758e+01 -7.304591613785278714e-04
2.575201207243461354e+01 -5.506877959411339736e-04
2.678209255533199595e+01 -6.839480552369312178e-04
2.781217303822938192e+01 -9.355983362141701617e-04
2.884225352112676788e+01 -1.012508662184082161e-03
2.987233400402415029e+01 -7.985407049591855717e-04
3.090241448692153625e+01 -1.204320183643412369e-03
3.193249496981891866e+01 -5.166001107174035415e-04
3.296257545271630818e+01 -2.295637141587811411e-04
3.399265593561369059e+01 3.529555461241193001e-04
3.502273641851107300e+01 -5.542410514712302946e-04
3.605281690140845541e+01 -1.065537475433208292e-03
3.708289738430583782e+01 -7.838230492504913872e-04
3.811297786720322733e+01 -7.478435573203688798e-04
3.914305835010060974e+01 -9.274102812756093977e-04
4.017313883299799215e+01 -9.660156560180311030e-04
4.120321931589537456e+01 -7.277589339371248007e-04
4.223329979879276408e+01 -8.248886899477189324e-04
4.326338028169014649e+01 -7.388913608111985021e-04
4.429346076458752890e+01 -9.476252292695694834e-04
4.532354124748491842e+01 -5.874651926829579278e-04
4.635362173038230083e+01 -6.378896373636483950e-04
4.738370221327968324e+01 -6.506163692372471342e-04
4.841378269617707275e+01 -6.555064967568048889e-04
4.944386317907445516e+01 -8.032168421401576731e-04
5.047394366197183757e+01 5.562450894847270264e-05
5.150402414486922709e+01 6.640703170118762797e-04
5.253410462776660950e+01 -6.337777454026217614e-04
5.356418511066399191e+01 -5.281070616589039930e-04
5.459426559356138142e+01 -6.475266927070598378e-04
5.562434607645876383e+01 -7.419909476046852468e-04
5.665442655935614624e+01 -3.709166342482962957e-04
5.768450704225353576e+01 -4.737387549845389401e-04
5.871458752515091817e+01 -4.718317494007184853e-04
5.974466800804830058e+01 -4.098568919682546831e-04
6.077474849094568299e+01 -7.611961570736557395e-04
6.180482897384307250e+01 -4.770420405578872395e-04
6.283490945674045491e+01 -8.312601833074539936e-05
6.386498993963783732e+01 6.112788467377104759e-05
6.489507042253522684e+01 -1.286701004358016564e-04
6.592515090543261636e+01 2.715945218819307391e-04
6.695523138832999166e+01 2.339138989110191422e-04
6.798531187122738118e+01 6.288838138638281131e-04
6.901539235412475648e+01 4.525967369910531340e-04
7.004547283702214600e+01 -1.537260158080805102e-04
7.107555331991952130e+01 -7.083900219013958841e-04
7.210563380281691082e+01 -5.293782434167027548e-04
7.313571428571430033e+01 -2.871532682892928611e-04
7.416579476861167564e+01 -5.922379394092562371e-04
7.519587525150906515e+01 -6.211502665409405783e-04
7.622595573440645467e+01 -1.447527056063819704e-04
7.725603621730382997e+01 1.481395495977077701e-04
7.828611670020121949e+01 5.475994160095501179e-04
7.931619718309860900e+01 3.326383264760270487e-04
8.034627766599598431e+01 1.640773872590354349e-04
8.137635814889337382e+01 9.847354323366388709e-06
8.240643863179074913e+01 -1.012155867828675880e-04
8.343651911468813864e+01 -1.553645572648975693e-04
8.446659959758552816e+01 5.869705169532111674e-04
8.549668008048290346e+01 1.931302813529742679e-03
8.652676056338029298e+01 3.928082237658244162e-04
8.755684104627768249e+01 3.860066943774333637e-04
8.858692152917505780e+01 2.791592578933061721e-04
8.961700201207244731e+01 2.313763375448047311e-04
9.064708249496983683e+01 -3.558611794702194883e-06
9.167716297786721213e+01 -2.364690883615423148e-04
9.270724346076460165e+01 -2.989105887663109288e-04
9.373732394366199117e+01 2.376710577924019219e-04
9.476740442655936647e+01 5.309680399507768879e-04
9.579748490945675599e+01 -1.275982364004679746e-04
9.682756539235414550e+01 -2.865604516660002219e-04
9.785764587525152081e+01 -4.819378207633661705e-04
9.888772635814891032e+01 -1.660619596882237814e-04
9.991780684104629984e+01 2.976042852815859847e-04
1.009478873239436751e+02 9.764924575979948979e-03
1.019779678068410647e+02 7.277833663430897937e-03
1.030080482897384542e+02 5.211877567315336595e-04
1.040381287726358295e+02 -3.260092365347172028e-04
1.050682092555332190e+02 -2.695120535408358992e-04
1.060982897384306085e+02 -2.700893092872629509e-04
1.071283702213279838e+02 -8.896908680237044836e-05
1.081584507042253733e+02 9.480700948908404055e-05
1.091885311871227628e+02 -9.862784863053447267e-05
1.102186116700201381e+02 -4.892043232709770723e-04
1.112486921529175277e+02 -3.436265867085474472e-04
1.122787726358149172e+02 -2.196779317852963725e-04
1.133088531187122925e+02 -1.645895875426553489e-04
1.143389336016096820e+02 -7.443353691510038947e-05
1.153690140845070715e+02 1.207724234838411764e-04
1.163990945674044468e+02 1.818021421750105123e-04
1.174291750503018363e+02 6.166270248141558471e-04
1.184592555331992259e+02 1.996525206837547819e-03
1.194893360160966012e+02 4.310239331818578254e-03
1.205194164989939907e+02 7.687704302379179920e-03
1.215494969818913660e+02 1.512825489900475329e-02
1.225795774647887555e+02 3.103342294765164960e-02
1.236096579476861450e+02 5.933638106633010861e-02
1.246397384305835203e+02 9.954991954986938674e-02
1.256698189134809098e+02 1.485873119553641486e-01
1.266998993963782993e+02 2.077300713978356139e-01
1.277299798792756746e+02 2.638264171399442026e-01
1.287600603621730784e+02 3.132252242014653687e-01
1.297901408450704537e+02 3.666947797868179704e-01
1.308202213279678290e+02 4.166285147265554878e-01
1.318503018108652327e+02 4.702653682935185597e-01
1.328803822937626080e+02 5.211326734639012415e-01
1.339104627766599833e+02 5.323144053555688426e-01
1.349405432595573870e+02 5.117253533491387119e-01
1.359706237424547624e+02 4.980477482550461077e-01
1.370007042253521377e+02 5.013302438248017356e-01
1.380307847082495130e+02 4.872424407361567456e-01
1.390608651911469167e+02 4.467659195163010688e-01
1.400909456740442920e+02 4.213388197770847610e-01
1.411210261569416673e+02 4.402086747100391606e-01
1.421511066398390426e+02 4.945337644388586584e-01
1.431811871227364463e+02 5.349877166665315542e-01
1.442112676056338216e+02 5.291881793028914149e-01
1.452413480885312254e+02 5.014011402334959122e-01
1.462714285714286007e+02 4.875972546850665945e-01
1.473015090543259760e+02 5.152045616049729659e-01
1.483315895372233513e+02 5.517321677429756210e-01
1.493616700201207550e+02 5.492832081077805295e-01
1.503917505030181303e+02 5.332267940426110853e-01
1.514218309859155340e+02 5.395204661689635417e-01
1.524519114688129093e+02 5.522895545746964174e-01
1.534819919517102846e+02 5.451331787415883978e-01
1.545120724346076599e+02 5.282469953999564538e-01
1.555421529175050637e+02 5.159043329258480304e-01
1.565722334004024390e+02 5.069954411518752257e-01
1.576023138832998427e+02 4.915862265697983347e-01
1.586323943661972180e+02 4.808457494021148304e-01
1.596624748490945933e+02 4.857901382425814374e-01
1.606925553319919686e+02 4.891697499117720338e-01
1.617226358148893723e+02 4.807759275204234184e-01
1.627527162977867476e+02 4.599089584219040461e-01
1.637827967806841514e+02 4.141932583924243239e-01
1.648128772635814983e+02 3.443939858963608880e-01
1.658429577464789020e+02 2.774932227068770962e-01
1.668730382293762773e+02 2.177079123136620442e-01
1.679031187122736810e+02 1.518728008085184766e-01
1.689331991951710563e+02 9.819688554703628891e-02
1.699632796780684600e+02 7.104371313081093986e-02
1.709933601609658069e+02 6.231875914866647631e-02
1.720234406438632107e+02 5.021776413147374662e-02
1.730535211267605860e+02 3.048724356382084485e-02
1.740836016096579897e+02 6.839757242852764069e-03
1.751136820925553650e+02 -4.743405889079883625e-04
1.761437625754527687e+02 -6.015255554640356597e-04
1.771738430583501156e+02 -6.305937322521873098e-04
1.782039235412475193e+02 -8.110036614373436177e-04
1.792340040241448946e+02 -5.812309081727499646e-04
1.802640845070422984e+02 -2.002757359702990025e-04
1.812941649899396737e+02 -5.292054499929083186e-04
1.823242454728370774e+02 -7.283270032676465375e-04
1.833543259557344243e+02 -5.376905106580945424e-04
1.843844064386318280e+02 -5.281068761573633240e-04
1.854144869215292033e+02 -7.674142108134544837e-04
1.864445674044266070e+02 -5.441608226475837555e-04
1.874746478873239823e+02 -6.134057370741976558e-05
1.885047283702213861e+02 -5.208859524229829396e-04
1.895348088531187329e+02 -6.852415977489217111e-04
1.905648893360161367e+02 -6.113443060520787472e-04
1.915949698189135120e+02 -8.507102814723116772e-04
1.926250503018109157e+02 -8.480208728858791394e-04
1.936551307847082910e+02 -5.176045103420195796e-04
1.946852112676056947e+02 -2.379914077698837825e-04
1.957152917505030416e+02 -4.043254572993960796e-04
1.967453722334004453e+02 -5.464564705289566863e-04
1.977754527162978206e+02 -4.953343505898888778e-04
1.988055331991952244e+02 -5.084002463268536606e-04
1.998356136820925997e+02 -9.992066205334428140e-05
2.008656941649900034e+02 -1.126440125736504416e-04
2.018957746478873503e+02 -4.718575137929719864e-04
2.029258551307847540e+02 -5.102512593790192166e-04
2.039559356136821293e+02 -1.894091623317325037e-04
2.049860160965795330e+02 6.405225883506503485e-04
2.060160965794769083e+02 -4.595294089579234314e-04
2.070461770623743121e+02 -1.741495951589398881e-04
2.080762575452716590e+02 -1.580656582991274612e-04
2.091063380281690627e+02 -5.569273828715203250e-04
2.101364185110664380e+02 -6.067862443375144146e-04
2.111664989939638417e+02 -5.616457220607898966e-04
2.121965794768612170e+02 -4.715822555979306370e-04
2.132266599597585923e+02 -9.707494977177445132e-05
2.142567404426559676e+02 -4.118891289804284153e-04
2.152868209255533714e+02 -3.079119601420169587e-04
2.163169014084507467e+02 -5.524921969995232702e-04
2.173469818913481504e+02 -4.005545315696435143e-04
2.183770623742455257e+02 -2.380512204821049328e-04
2.194071428571429010e+02 -4.120048716120430603e-04
2.204372233400402763e+02 -2.391132491215168445e-04
2.214673038229376800e+02 9.251331600072739986e-04
2.224973843058350553e+02 1.135673140162336619e-03
2.235274647887324591e+02 -2.203248748040761973e-04
2.245575452716298344e+02 -5.123159859764622086e-04
2.255876257545272097e+02 -7.065178193053136277e-04
2.266177062374245850e+02 -5.693136593365386022e-04
2.276477867203219887e+02 -5.180849938540355634e-04
2.286778672032193640e+02 -2.038768146303129652e-04
2.297079476861167677e+02 1.836386060854055700e-04
2.307380281690141430e+02 -5.317917276880279766e-05
2.317681086519115183e+02 -5.121570631030220033e-04
2.327981891348088936e+02 -1.497029406905194856e-05
2.338282696177062974e+02 1.505580737187856781e-04
2.348583501006036727e+02 3.333519071912653876e-05
2.358884305835010764e+02 -1.254906023305859002e-04
2.369185110663984517e+02 -8.973015211575726974e-05
2.379485915492958270e+02 1.416080494382710125e-04
2.389786720321932023e+02 1.977601102016891734e-03
2.400087525150906060e+02 6.838370121473888539e-04
2.410388329979879813e+02 -7.596702776159036229e-05
2.420689134808853851e+02 -3.308542726187161358e-05
2.430989939637827320e+02 -1.041924868156299841e-04
2.441290744466801357e+02 -2.444699855625445868e-04
2.451591549295775110e+02 -1.298045834495596272e-04
2.461892354124749147e+02 5.454842214966141786e-04
2.472193158953722900e+02 1.057095005192345769e-03
2.482493963782696937e+02 9.360889690162685524e-04
2.492794768611670406e+02 6.295544097150229191e-04
2.503095573440644444e+02 8.747476544929564594e-05
2.513396378269618197e+02 6.314471473565502345e-05
2.523697183098592234e+02 3.007480228338338239e-04
2.533997987927565987e+02 8.065964320602362486e-04
2.544298792756540024e+02 8.472484660932638008e-04
2.554599597585513493e+02 1.230098600640599973e-03
