1.133088531187122960e+01 1.496175134318184917e-04
1.236096579476861379e+01 2.270687889546813454e-04
1.339104627766599798e+01 1.854268722932400840e-05
1.442112676056338394e+01 -4.868414477104480976e-04
1.545120724346076813e+01 -5.611105595940790551e-04
1.648128772635815409e+01 1.017782611524604888e-03
1.751136820925553650e+01 1.289646043949223145e-03
1.854144869215291891e+01 -2.160019182299807196e-04
1.957152917505030487e+01 -2.239210125714103836e-04
2.060160965794768728e+01 -3.651991147258150275e-04
2.163169014084507324e+01 -6.858117121202531030e-04
2.266177062374245921e+01 -5.028038169299697607e-04
2.369185110663984162e+01 -6.625877384461752650e-04
2.472193158953722758e+01 -5.643484600466094209e-04
2.575201207243461354e+01 -8.406614803797867646e-04
2.678209255533199595e+01 -7.410688280045635680e-04
2.781217303822938192e+01 -5.675956134664494630e-04
2.884225352112676788e+01 -5.218772910314146973e-04
2.987233400402415029e+01 -1.660781571412781575e-04
3.090241448692153625e+01 -7.418085205085874542e-04
3.193249496981891866e+01 -6.781529896986596227e-04
3.296257545271630818e+01 2.373224818347589567e-05
3.399265593561369059e+01 2.308801484428848680e-03
3.502273641851107300e+01 1.409882159473940235e-03
3.605281690140845541e+01 3.368774250679253124e-03
3.708289738430583782e+01 7.724549442469542601e-03
3.811297786720322733e+01 1.211882162391329787e-02
3.914305835010060974e+01 1.384480631144299756e-02
4.017313883299799215e+01 1.335372682478766504e-02
4.120321931589537456e+01 1.253104251904577082e-02
4.223329979879276408e+01 1.170147776404953897e-02
4.326338028169014649e+01 1.034585937662297825e-02
4.429346076458752890e+01 8.617237813082673920e-03
4.532354124748491842e+01 6.691741245154815901e-03
4.635362173038230083e+01 5.029780276515887633e-03
4.738370221327968324e+01 4.819668831419189614e-03
4.841378269617707275e+01 3.514347086053216766e-03
4.944386317907445516e+01 2.450087449427915121e-03
5.047394366197183757e+01 3.548291646748059913e-03
5.150402414486922709e+01 2.963327446050685945e-03
5.253410462776660950e+01 7.488487284344343912e-04
5.356418511066399191e+01 -1.808751019351378941e-04
5.459426559356138142e+01 -5.571928110264313169e-04
5.562434607645876383e+01 -5.117669322638370702e-04
5.665442655935614624e+01 -7.216406367943897435e-04
5.768450704225353576e+01 -5.664049649022959284e-04
5.871458752515091817e+01 -5.521206692987251858e-04
5.974466800804830058e+01 -2.508558090891555600e-04
6.077474849094568299e+01 -3.441934614389610052e-04
6.180482897384307250e+01 -3.686269053087540596e-04
6.283490945674045491e+01 -1.056847489512418719e-04
6.386498993963783732e+01 -2.038393344361479217e-04
6.489507042253522684e+01 -1.918137384790660803e-04
6.592515090543261636e+01 3.465499629662497955e-04
6.695523138832999166e+01 1.448629591247836603e-03
6.798531187122738118e+01 3.332831736334420161e-03
6.901539235412475648e+01 3.858019200310302058e-03
7.004547283702214600e+01 6.962833073427008267e-03
7.107555331991952130e+01 1.584329011708690213e-02
7.210563380281691082e+01 3.414925723288805143e-02
7.313571428571430033e+01 8.348785444091229302e-02
7.416579476861167564e+01 1.909507286451283814e-01
7.519587525150906515e+01 3.452815281048957075e-01
7.622595573440645467e+01 4.802836567091722242e-01
7.725603621730382997e+01 5.838401578404868175e-01
7.828611670020121949e+01 6.912782651593039063e-01
7.931619718309860900e+01 7.606636603617472625e-01
8.034627766599598431e+01 7.832549859011266324e-01
8.137635814889337382e+01 7.520394044937230849e-01
8.240643863179074913e+01 6.814094445900999997e-01
8.343651911468813864e+01 7.037758557380100477e-01
8.446659959758552816e+01 8.367794742527908669e-01
8.549668008048290346e+01 9.628626398262587482e-01
8.652676056338029298e+01 9.645447836382488038e-01
8.755684104627768249e+01 9.023580295233948334e-01
8.858692152917505780e+01 9.148530065049104154e-01
8.961700201207244731e+01 9.802339920143366969e-01
9.064708249496983683e+01 1.013944780677563884e+00
9.167716297786721213e+01 1.012451577514059675e+00
9.270724346076460165e+01 1.016286021426137554e+00
9.373732394366199117e+01 1.025419982280305176e+00
9.476740442655936647e+01 1.025218942106614683e+00
9.579748490945675599e+01 1.030692071371440921e+00
9.682756539235414550e+01 1.041147721591410669e+00
9.785764587525152081e+01 1.058515741229110407e+00
9.888772635814891032e+01 1.078795950543366855e+00
9.991780684104629984e+01 1.059004709871295580e+00
1.009478873239436751e+02 9.749057931140976407e-01
1.019779678068410647e+02 8.852468610246438940e-01
1.030080482897384542e+02 9.250966153018563842e-01
1.040381287726358295e+02 1.031591829178021280e+00
1.050682092555332190e+02 9.939718020254280084e-01
1.060982897384306085e+02 8.110196751974337870e-01
1.071283702213279838e+02 6.066064525178433975e-01
1.081584507042253733e+02 4.728194736410370469e-01
1.091885311871227628e+02 4.008094204910628844e-01
1.102186116700201381e+02 3.149655785248196560e-01
1.112486921529175277e+02 2.131137517661250702e-01
1.122787726358149172e+02 1.174660436624630350e-01
1.133088531187122925e+02 6.080170478578084819e-02
1.143389336016096820e+02 4.073125283292425292e-02
1.153690140845070715e+02 2.816632645076004669e-03
1.163990945674044468e+02 9.803001581565468081e-04
1.174291750503018363e+02 -9.533207341525317023e-06
1.184592555331992259e+02 2.241739492780536617e-04
1.194893360160966012e+02 8.042962770152469213e-04
1.205194164989939907e+02 -3.227601475435008067e-04
1.215494969818913660e+02 -4.925071562663250677e-04
1.225795774647887555e+02 -6.183691749379530275e-04
1.236096579476861450e+02 -5.667340636139769862e-04
1.246397384305835203e+02 -6.004503802601290343e-04
1.256698189134809098e+02 -6.172407504165512921e-04
1.266998993963782993e+02 -4.062503513930089101e-04
1.277299798792756746e+02 -6.792522118109292368e-04
1.287600603621730784e+02 -5.100507804421516161e-04
1.297901408450704537e+02 -7.846240543655161456e-04
1.308202213279678290e+02 -7.705475256393314390e-04
1.318503018108652327e+02 -4.920867202582531906e-04
1.328803822937626080e+02 -6.683785406248929058e-04
1.339104627766599833e+02 -5.164524728326203148e-04
1.349405432595573870e+02 -1.736230560107620018e-04
1.359706237424547624e+02 3.616630148593403984e-04
1.370007042253521377e+02 -2.351756077666921003e-04
1.380307847082495130e+02 -7.534719849308180260e-04
1.390608651911469167e+02 -6.637129497103057361e-04
1.400909456740442920e+02 -4.603388957399005160e-04
1.411210261569416673e+02 -6.064935206226049723e-04
1.421511066398390426e+02 -9.428702714231675282e-04
1.431811871227364463e+02 -1.027877016205852806e-03
1.442112676056338216e+02 -6.376038608957017729e-04
1.452413480885312254e+02 -6.549011374192969127e-04
1.462714285714286007e+02 -6.138068632050079588e-04
1.473015090543259760e+02 -1.225512267628017457e-04
1.483315895372233513e+02 -3.750464290847194972e-04
1.493616700201207550e+02 -2.662417781929481381e-04
1.503917505030181303e+02 -2.256469253902507026e-04
1.514218309859155340e+02 2.336892161702912806e-04
1.524519114688129093e+02 1.219597988808367650e-03
1.534819919517102846e+02 2.996338336234792912e-03
1.545120724346076599e+02 1.415937508129273608e-03
1.555421529175050637e+02 6.236665073335598622e-04
1.565722334004024390e+02 5.035704155058851831e-04
1.576023138832998427e+02 6.135123268135502655e-04
1.586323943661972180e+02 1.809313234718949194e-04
1.596624748490945933e+02 4.894236373538087340e-04
1.606925553319919686e+02 7.438943729920291254e-04
1.617226358148893723e+02 1.619029298437334652e-03
1.627527162977867476e+02 1.561265524144092543e-03
1.637827967806841514e+02 4.116993707541956988e-04
1.648128772635814983e+02 -5.955275113327487721e-05
1.658429577464789020e+02 1.424248803746829483e-04
1.668730382293762773e+02 2.782085110246262645e-04
1.679031187122736810e+02 3.775249245032187301e-04
1.689331991951710563e+02 1.010186885095617181e-03
1.699632796780684600e+02 2.656182250261665979e-03
1.709933601609658069e+02 2.255389114203217634e-03
1.720234406438632107e+02 8.452731026670627949e-04
1.730535211267605860e+02 2.312781263834196705e-04
1.740836016096579897e+02 2.164683625759493616e-05
1.751136820925553650e+02 1.855406265948732528e-04
1.761437625754527687e+02 3.782281188404041901e-04
1.771738430583501156e+02 3.056441004565685631e-04
1.782039235412475193e+02 6.679245468003275343e-04
1.792340040241448946e+02 9.310969180667950755e-04
1.802640845070422984e+02 7.991539934396617350e-04
1.812941649899396737e+02 3.671039821574894777e-04
1.823242454728370774e+02 -3.846626731068170536e-04
1.833543259557344243e+02 -1.669110760510786578e-04
1.843844064386318280e+02 1.420327442836763010e-04
1.854144869215292033e+02 -7.047516372737515529e-05
1.864445674044266070e+02 4.772652817905389741e-04
1.874746478873239823e+02 1.404344701214624421e-03
1.885047283702213861e+02 5.823929868748362352e-04
1.895348088531187329e+02 1.482185324936493632e-04
1.905648893360161367e+02 9.032297461603838002e-05
1.915949698189135120e+02 -2.168240267156056218e-04
1.926250503018109157e+02 -2.699888855230903246e-04
1.936551307847082910e+02 3.042033783673209690e-05
1.946852112676056947e+02 -1.374806047802894519e-04
1.957152917505030416e+02 -1.891768214232002036e-04
1.967453722334004453e+02 -2.830451617848647457e-04
1.977754527162978206e+02 6.936065407531235293e-06
1.988055331991952244e+02 -1.055522629662029394e-04
1.998356136820925997e+02 -2.266172360831712437e-04
2.008656941649900034e+02 -4.192084034467387062e-05
2.018957746478873503e+02 -2.201023321898369048e-04
2.029258551307847540e+02 -2.461422173484255826e-04
2.039559356136821293e+02 8.062106556357759432e-04
2.049860160965795330e+02 1.633635537439237463e-03
2.060160965794769083e+02 7.016408213042447852e-05
2.070461770623743121e+02 -1.044308724134054752e-04
2.080762575452716590e+02 -3.740779402086196761e-04
2.091063380281690627e+02 -4.974449417128510263e-04
2.101364185110664380e+02 -6.119397346447971817e-04
2.111664989939638417e+02 -8.685034226860534378e-04
2.121965794768612170e+02 -4.834885834936338521e-04
2.132266599597585923e+02 -5.168048526593121278e-04
2.142567404426559676e+02 -3.545249582275383283e-04
2.152868209255533714e+02 -3.665775026408556788e-04
2.163169014084507467e+02 -4.301355751499148913e-04
2.173469818913481504e+02 -4.062083316233994473e-04
2.183770623742455257e+02 -5.115459420714531507e-04
2.194071428571429010e+02 -1.069082076952324782e-03
2.204372233400402763e+02 -4.312114198457280370e-04
2.214673038229376800e+02 1.461717362728696869e-03
2.224973843058350553e+02 1.197777845820363098e-03
2.235274647887324591e+02 -7.730859688457900145e-04
2.245575452716298344e+02 -8.461781988266646069e-04
2.255876257545272097e+02 -6.025025336249028229e-04
2.266177062374245850e+02 -4.565488154377656850e-04
2.276477867203219887e+02 -5.564427305355311394e-04
2.286778672032193640e+02 -5.506156741728120444e-04
2.297079476861167677e+02 -8.419734931877152599e-04
2.307380281690141430e+02 -4.725305139864564006e-04
2.317681086519115183e+02 -5.048168425171364057e-04
2.327981891348088936e+02 -9.988481439351317055e-04
2.338282696177062974e+02 -1.023248974766565681e-03
2.348583501006036727e+02 -8.287686941893157491e-04
2.358884305835010764e+02 -9.221436271488762850e-04
2.369185110663984517e+02 -5.904616767180799258e-04
2.379485915492958270e+02 -2.349034374759682495e-04
2.389786720321932023e+02 6.663557485926651638e-04
2.400087525150906060e+02 -8.382706669353838817e-04
2.410388329979879813e+02 -1.067214507943639980e-03
2.420689134808853851e+02 -6.337945205793304266e-04
2.430989939637827320e+02 -3.192316017457009093e-04
2.441290744466801357e+02 -7.505169107817305334e-04
2.451591549295775110e+02 -9.679508490005789062e-04
2.461892354124749147e+02 -9.183640533927924302e-04
2.472193158953722900e+02 -9.346612244469872967e-04
2.482493963782696937e+02 -1.123029566016286790e-03
2.492794768611670406e+02 -4.698122086393465295e-04
2.503095573440644444e+02 -7.327624925671504539e-04
2.513396378269618197e+02 -7.844245786036025672e-04
2.523697183098592234e+02 -1.172624414333148886e-03
2.533997987927565987e+02 -1.145361639119920737e-03
2.544298792756540024e+02 -8.519939077687566477e-04
2.554599597585513493e+02 -7.973236408650961893e-04
