1.133088531187122960e+01 -1.028496160647922753e-03
1.236096579476861379e+01 -1.147354291709950418e-03
1.339104627766599798e+01 -1.032696033905320873e-03
1.442112676056338394e+01 -8.826333758111786897e-04
1.545120724346076813e+01 -4.391258015979401059e-04
1.648128772635815409e+01 5.181096773615328534e-04
1.751136820925553650e+01 2.197366150314846150e-04
1.854144869215291891e+01 -7.983267627080167794e-04
1.957152917505030487e+01 -8.444131844513500483e-04
2.060160965794768728e+01 -1.176562125146290603e-03
2.163169014084507324e+01 -1.021518713922494812e-03
2.266177062374245921e+01 -1.025191400212279282e-03
2.369185110663984162e+01 -1.111779879936570029e-03
2.472193158953722758e+01 -8.568847854632730132e-04
2.575201207243461354e+01 -6.459991452386379222e-04
2.678209255533199595e+01 -8.023236801817846707e-04
2.781217303822938192e+01 -1.097528817482007176e-03
2.884225352112676788e+01 -1.187750546023634730e-03
2.987233400402415029e+01 -9.367496731251984425e-04
3.090241448692153625e+01 -1.412760215427849055e-03
3.193249496981891866e+01 -6.060116683415694202e-04
3.296257545271630818e+01 -2.692958954554932455e-04
3.399265593561369059e+01 4.140440060302168755e-04
3.502273641851107300e+01 -6.501673873027893381e-04
3.605281690140845541e+01 -1.249957423104340517e-03
3.708289738430583782e+01 -9.194847308515377441e-04
3.811297786720322733e+01 -8.772780191642788866e-04
3.914305835010060974e+01 -1.087923599188695377e-03
4.017313883299799215e+01 -1.133210673405767293e-03
4.120321931589537456e+01 -8.537172109647040786e-04
4.223329979879276408e+01 -9.676578862848240906e-04
4.326338028169014649e+01 -8.667764040285213427e-04
4.429346076458752890e+01 -1.111637288181610258e-03
4.532354124748491842e+01 -6.891418606473159953e-04
4.635362173038230083e+01 -7.482936130612028499e-04
4.738370221327968324e+01 -7.632230485283090235e-04
4.841378269617707275e+01 -7.689595442724058393e-04
4.944386317907445516e+01 -9.422351417413388610e-04
5.047394366197183757e+01 6.525182780493912803e-05
5.150402414486922709e+01 7.790055641870085668e-04
5.253410462776660950e+01 -7.434700474915370517e-04
5.356418511066399191e+01 -6.195102069460218250e-04
5.459426559356138142e+01 -7.595986202909740760e-04
5.562434607645876383e+01 -8.704124577670346603e-04
5.665442655935614624e+01 -4.351137440220398801e-04
5.768450704225353576e+01 -5.557320010395553483e-04
5.871458752515091817e+01 -5.534949367969966075e-04
5.974466800804830058e+01 -4.807936617319911185e-04
6.077474849094568299e+01 -8.929416457979422097e-04
6.180482897384307250e+01 -5.596070091159830850e-04
6.283490945674045491e+01 -9.751321381106672448e-05
6.386498993963783732e+01 7.170771086730833282e-05
6.489507042253522684e+01 -1.509399255112288255e-04
6.592515090543261636e+01 3.186012660538033452e-04
6.695523138832999166e+01 2.743989967994647176e-04
6.798531187122738118e+01 7.377290893402598101e-04
6.901539235412475648e+01 5.309307876241199913e-04
7.004547283702214600e+01 -1.803324416210175132e-04
7.107555331991952130e+01 -8.309959872304836228e-04
7.210563380281691082e+01 -6.210014009311320840e-04
7.313571428571430033e+01 -3.368528724162858667e-04
7.416579476861167564e+01 -6.947406596916275026e-04
7.519587525150906515e+01 -7.286570434422571293e-04
7.622595573440645467e+01 -1.698060584997942220e-04
7.725603621730382997e+01 1.737790870280802626e-04
7.828611670020121949e+01 6.423762380112030355e-04
7.931619718309860900e+01 3.902103445199547665e-04
8.034627766599598431e+01 1.924753965923299971e-04
8.137635814889337382e+01 1.155170411010287782e-05
8.240643863179074913e+01 -1.187336691106715900e-04
8.343651911468813864e+01 -1.822545767915144464e-04
8.446659959758552816e+01 6.885615679643438194e-04
8.549668008048290346e+01 2.265566762025275020e-03
8.652676056338029298e+01 4.607942624945246990e-04
8.755684104627768249e+01 4.528155453273737191e-04
8.858692152917505780e+01 3.274752832979167870e-04
8.961700201207244731e+01 2.714222421198670744e-04
9.064708249496983683e+01 -4.174525374554496931e-06
9.167716297786721213e+01 -2.773964305779631073e-04
9.270724346076460165e+01 -3.506451137450955513e-04
9.373732394366199117e+01 2.788064331795484245e-04
9.476740442655936647e+01 6.228663545576421665e-04
9.579748490945675599e+01 -1.496825465467028278e-04
9.682756539235414550e+01 -3.361574529158848777e-04
9.785764587525152081e+01 -5.653501358954871915e-04
9.888772635814891032e+01 -1.948034527111855809e-04
9.991780684104629984e+01 3.491127192726296846e-04
1.009478873239436751e+02 1.145500767566878277e-02
1.019779678068410647e+02 8.537458720563167666e-03
1.030080482897384542e+02 6.113933300119914812e-04
1.040381287726358295e+02 -3.824339120888028162e-04
1.050682092555332190e+02 -3.161583704998267050e-04
1.060982897384306085e+02 -3.168355358946738629e-04
1.071283702213279838e+02 -1.043675825950884088e-04
1.081584507042253733e+02 1.112159149775793373e-04
1.091885311871227628e+02 -1.156980532012039022e-04
1.102186116700201381e+02 -5.738743022986461184e-04
1.112486921529175277e+02 -4.031004190234883651e-04
1.122787726358149172e+02 -2.576991122865976229e-04
1.133088531187122925e+02 -1.930762469250380127e-04
1.143389336016096820e+02 -8.731626445809851581e-05
1.153690140845070715e+02 1.416753429329675198e-04
1.163990945674044468e+02 2.132678975514546034e-04
1.174291750503018363e+02 7.233509329550674672e-04
1.184592555331992259e+02 2.342077646482507419e-03
1.194893360160966012e+02 5.056242293094870277e-03
1.205194164989939907e+02 9.018268508560191646e-03
1.215494969818913660e+02 1.774660670844788526e-02
1.225795774647887555e+02 3.640459230397596890e-02
1.236096579476861450e+02 6.960613932781033186e-02
1.246397384305835203e+02 1.167797133181159991e-01
1.256698189134809098e+02 1.743043467168694793e-01
1.266998993963782993e+02 2.436833529859225855e-01
1.277299798792756746e+02 3.094886816449345379e-01
1.287600603621730784e+02 3.674372822363343727e-01
1.297901408450704537e+02 4.301611839806902537e-01
1.308202213279678290e+02 4.887372961215362133e-01
1.318503018108652327e+02 5.516574512673967368e-01
1.328803822937626080e+02 6.113287131018840803e-01
1.339104627766599833e+02 6.244457447440326936e-01
1.349405432595573870e+02 6.002932029672589653e-01
1.359706237424547624e+02 5.842483200684194244e-01
1.370007042253521377e+02 5.880989398714019378e-01
1.380307847082495130e+02 5.715728631712607699e-01
1.390608651911469167e+02 5.240907902018147047e-01
1.400909456740442920e+02 4.942628462769647624e-01
1.411210261569416673e+02 5.163986376406226597e-01
1.421511066398390426e+02 5.801261467455841592e-01
1.431811871227364463e+02 6.275817445511233661e-01
1.442112676056338216e+02 6.207784411053149931e-01
1.452413480885312254e+02 5.881821068123701535e-01
1.462714285714286007e+02 5.719890872267127113e-01
1.473015090543259760e+02 6.043745818827567229e-01
1.483315895372233513e+02 6.472242736984906708e-01
1.493616700201207550e+02 6.443514556648964886e-01
1.503917505030181303e+02 6.255160468576783650e-01
1.514218309859155340e+02 6.328990083905150499e-01
1.524519114688129093e+02 6.478781313280091991e-01
1.534819919517102846e+02 6.394831519853247936e-01
1.545120724346076599e+02 6.196743599884103615e-01
1.555421529175050637e+02 6.051954674707061832e-01
1.565722334004024390e+02 5.947446521204688974e-01
1.576023138832998427e+02 5.766684580914941405e-01
1.586323943661972180e+02 5.640690521832502080e-01
1.596624748490945933e+02 5.698692006307204405e-01
1.606925553319919686e+02 5.738337450888095770e-01
1.617226358148893723e+02 5.639871457451121062e-01
1.627527162977867476e+02 5.395085858410796353e-01
1.637827967806841514e+02 4.858805531141900946e-01
1.648128772635814983e+02 4.040006373015002650e-01
1.658429577464789020e+02 3.255208958676826803e-01
1.668730382293762773e+02 2.553881279064111887e-01
1.679031187122736810e+02 1.781584778715313011e-01
1.689331991951710563e+02 1.151925003532540820e-01
1.699632796780684600e+02 8.333974040345128176e-02
1.709933601609658069e+02 7.310469823208951001e-02
1.720234406438632107e+02 5.890930023115189401e-02
1.730535211267605860e+02 3.576388187294367998e-02
1.740836016096579897e+02 8.023561381038817053e-03
1.751136820925553650e+02 -5.564379985266786717e-04
1.761437625754527687e+02 -7.056357477558879458e-04
1.771738430583501156e+02 -7.397349551419888595e-04
1.782039235412475193e+02 -9.513696797630376116e-04
1.792340040241448946e+02 -6.818285653564951174e-04
1.802640845070422984e+02 -2.349388441190045865e-04
1.812941649899396737e+02 -6.207987009532192841e-04
1.823242454728370774e+02 -8.543835999870468163e-04
1.833543259557344243e+02 -6.307523298104569884e-04
1.843844064386318280e+02 -6.195099893384454440e-04
1.854144869215292033e+02 -9.002359011465522250e-04
1.864445674044266070e+02 -6.383425034904347505e-04
1.874746478873239823e+02 -7.195721146447318602e-05
1.885047283702213861e+02 -6.110392903423452881e-04
1.895348088531187329e+02 -8.038411050516197642e-04
1.905648893360161367e+02 -7.171538974841693351e-04
1.915949698189135120e+02 -9.979485994194424881e-04
1.926250503018109157e+02 -9.947937162699733472e-04
1.936551307847082910e+02 -6.071899063627536793e-04
1.946852112676056947e+02 -2.791822283454405899e-04
1.957152917505030416e+02 -4.743048633704454397e-04
1.967453722334004453e+02 -6.410354750435836571e-04
1.977754527162978206e+02 -5.810652958842927283e-04
1.988055331991952244e+02 -5.963925966526551848e-04
1.998356136820925997e+02 -1.172146227933461705e-04
2.008656941649900034e+02 -1.321400916729360798e-04
2.018957746478873503e+02 -5.535251604109863843e-04
2.029258551307847540e+02 -5.985639773484647272e-04
2.039559356136821293e+02 -2.221915173506861906e-04
2.049860160965795330e+02 7.513822671036475597e-04
2.060160965794769083e+02 -5.390633451237179059e-04
2.070461770623743121e+02 -2.042908712441409975e-04
2.080762575452716590e+02 -1.854231760816687667e-04
2.091063380281690627e+02 -6.533186606762065142e-04
2.101364185110664380e+02 -7.118069404728532895e-04
2.111664989939638417e+02 -6.588536354943879498e-04
2.121965794768612170e+02 -5.532022613744955403e-04
2.132266599597585923e+02 -1.138763833861200432e-04
2.142567404426559676e+02 -4.831776320731948353e-04
2.152868209255533714e+02 -3.612044147819813917e-04
2.163169014084507467e+02 -6.481158464802099254e-04
2.173469818913481504e+02 -4.698812774182356913e-04
2.183770623742455257e+02 -2.792523932578538145e-04
2.194071428571429010e+02 -4.833134070833582053e-04
2.204372233400402763e+02 -2.804982345463947406e-04
2.214673038229376800e+02 1.085252360777763658e-03
2.224973843058350553e+02 1.332231952882740721e-03
2.235274647887324591e+02 -2.584580262124740158e-04
2.245575452716298344e+02 -6.009860604723882413e-04
2.255876257545272097e+02 -8.287997495696946887e-04
2.266177062374245850e+02 -6.678487157601702834e-04
2.276477867203219887e+02 -6.077535504826186291e-04
2.286778672032193640e+02 -2.391631863932517450e-04
2.297079476861167677e+02 2.154222109848026796e-04
2.307380281690141430e+02 -6.238326036340328408e-05
2.317681086519115183e+02 -6.007996317170063473e-04
2.327981891348088936e+02 -1.756130650408016975e-05
2.338282696177062974e+02 1.766162018624216259e-04
2.348583501006036727e+02 3.910474295897536473e-05
2.358884305835010764e+02 -1.472101296570334228e-04
2.369185110663984517e+02 -1.052603707511767941e-04
2.379485915492958270e+02 1.661171349179717553e-04
2.389786720321932023e+02 2.319878215827507820e-03
2.400087525150906060e+02 8.021934180959753571e-04
2.410388329979879813e+02 -8.911516718186563086e-05
2.420689134808853851e+02 -3.881175121104170041e-05
2.430989939637827320e+02 -1.222258018414120915e-04
2.441290744466801357e+02 -2.867820984483696479e-04
2.451591549295775110e+02 -1.522707613542910855e-04
2.461892354124749147e+02 6.398949521402588986e-04
2.472193158953722900e+02 1.240053756091020814e-03
2.482493963782696937e+02 1.098104367499853386e-03
2.492794768611670406e+02 7.385157498580076363e-04
2.503095573440644444e+02 1.026146287001352910e-04
2.513396378269618197e+02 7.407360767067222497e-05
2.523697183098592234e+02 3.528005652473820055e-04
2.533997987927565987e+02 9.461996606860462351e-04
2.544298792756540024e+02 9.938876236863284329e-04
2.554599597585513493e+02 1.443000281520703722e-03
