230.355 0.000
230.455 0.000
230.555 0.000
230.655 0.000
230.755 0.000
230.855 0.000
230.955 0.000
231.055 0.000
231.155 0.000
231.255 0.000
231.355 0.000
231.455 0.000
231.555 0.000
231.655 0.000
231.755 0.000
231.855 0.000
231.955 0.000
232.055 0.000
232.155 0.000
232.255 0.000
232.355 0.000
232.455 0.000
232.555 0.000
232.655 0.000
232.755 0.000
232.855 0.000
232.955 0.000
233.055 0.000
233.155 0.000
233.255 0.000
233.355 0.000
233.455 0.000
233.555 0.000
233.655 0.000
233.755 0.000
233.855 0.000
233.955 0.000
234.055 0.000
234.155 0.000
234.255 0.000
234.355 0.000
234.455 0.000
234.555 0.000
234.655 0.000
234.755 0.000
234.855 0.000
234.955 0.000
235.055 0.000
235.155 0.000
235.255 0.000
235.355 0.000
235.455 0.000
235.555 0.000
235.655 0.000
235.755 0.000
235.855 0.000
235.955 0.000
236.055 0.000
236.155 0.000
236.255 0.000
236.355 0.000
236.455 0.000
236.555 0.000
236.655 0.000
236.755 0.000
236.855 0.000
236.955 0.000
237.055 0.000
237.155 0.000
237.255 0.000
237.355 0.000
237.455 0.000
237.555 0.000
237.655 0.000
237.755 0.000
237.855 0.000
237.955 0.000
238.055 0.000
238.155 0.000
238.255 0.000
238.355 0.000
238.455 0.000
238.555 0.000
238.655 0.000
238.755 0.000
238.855 0.000
238.955 0.000
239.055 0.000
239.155 0.000
239.255 0.000
239.355 0.000
239.455 0.000
239.555 0.000
239.655 0.000
239.755 0.000
239.855 0.000
239.955 0.000
240.055 0.000
240.155 0.000
240.255 0.000
240.355 0.000
240.455 0.000
240.555 0.000
240.655 0.000
240.755 0.000
240.855 0.000
240.955 0.000
241.055 0.000
241.155 0.000
241.255 0.000
241.355 0.000
241.455 0.000
241.555 0.000
241.655 0.000
241.755 0.000
241.855 0.000
241.955 0.000
242.055 0.000
242.155 0.000
242.255 0.000
242.355 0.000
242.455 0.000
242.555 0.000
242.655 0.000
242.755 0.000
242.855 0.000
242.955 0.000
243.055 0.000
243.155 0.000
243.255 0.000
243.355 0.000
243.455 0.000
243.555 0.000
243.655 0.000
243.755 0.000
243.855 0.000
243.955 0.000
244.055 0.000
244.155 0.000
244.255 0.000
244.355 0.000
244.455 0.000
244.555 0.000
244.655 0.000
244.755 0.000
244.855 0.000
244.955 0.000
245.055 0.000
245.155 0.000
245.255 0.000
245.355 0.000
245.455 0.000
245.555 0.000
245.655 0.000
245.755 0.000
245.855 0.000
245.955 0.000
246.055 0.000
246.155 0.000
246.255 0.000
246.355 0.000
246.455 0.000
246.555 0.000
246.655 0.000
246.755 0.000
246.855 0.000
246.955 0.000
247.055 0.000
247.155 0.000
247.255 0.000
247.355 0.000
247.455 0.000
247.555 0.000
247.655 0.000
247.755 0.000
247.855 0.000
247.955 0.000
248.055 0.000
248.155 0.000
248.255 0.000
248.355 0.000
248.455 0.000
248.555 0.000
248.655 0.000
248.755 0.000
248.855 0.000
248.955 0.000
249.055 0.000
249.155 0.000
249.255 0.000
249.355 0.000
249.455 0.000
249.555 0.000
249.655 0.000
249.755 0.000
249.855 0.000
249.955 0.000
250.055 0.000
250.155 0.000
250.255 0.000
250.355 0.000
250.455 0.000
250.555 0.000
250.655 0.000
250.755 0.000
250.855 0.000
250.955 0.000
251.055 0.000
251.155 0.000
251.255 0.000
251.355 0.000
251.455 0.000
251.555 0.000
251.655 0.000
251.755 0.000
251.855 0.000
251.955 0.000
252.055 0.000
252.155 0.000
252.255 0.000
252.355 0.000
252.455 0.000
252.555 0.000
252.655 0.000
252.755 0.000
252.855 0.000
252.955 0.000
253.055 0.000
253.155 0.000
253.255 0.000
253.355 0.000
253.455 0.000
253.555 0.000
253.655 0.000
253.755 0.000
253.855 0.000
253.955 0.000
254.055 0.000
254.155 0.000
254.255 0.000
254.355 0.000
254.455 0.000
254.555 0.000
254.655 0.000
254.755 0.000
254.855 0.000
254.955 0.000
255.055 0.000
255.155 0.000
255.255 0.000
255.355 0.000
255.455 0.000
255.555 0.000
255.655 0.000
255.755 0.000
255.855 0.000
255.955 1.000
256.055 1.000
256.155 1.000
256.255 1.000
256.355 1.000
256.455 1.000
256.555 1.000
256.655 1.000
256.755 1.000
256.855 1.000
256.955 1.000
257.055 1.000
257.155 1.000
257.255 1.000
257.355 1.000
257.455 1.000
257.555 1.000
257.655 1.000
257.755 1.000
257.855 1.000
257.955 1.000
258.055 1.000
258.155 1.000
258.255 1.000
258.355 1.000
258.455 1.000
258.555 1.000
258.655 1.000
258.755 1.000
258.855 1.000
258.955 1.000
259.055 1.000
259.155 1.000
259.255 1.000
259.355 1.000
259.455 1.000
259.555 1.000
259.655 1.000
259.755 1.000
259.855 1.000
259.955 1.000
260.055 1.000
260.155 1.000
260.255 1.000
260.355 1.000
260.455 1.000
260.555 1.000
260.655 1.000
260.755 1.000
260.855 1.000
260.955 1.000
261.055 1.000
261.155 1.000
261.255 1.000
261.355 1.000
261.455 1.000
261.555 1.000
261.655 1.000
261.755 1.000
261.855 1.000
261.955 1.000
262.055 1.000
262.155 1.000
262.255 1.000
262.355 1.000
262.455 1.000
262.555 1.000
262.655 1.000
262.755 1.000
262.855 1.000
262.955 1.000
263.055 1.000
263.155 1.000
263.255 1.000
263.355 1.000
263.455 1.000
263.555 1.000
263.655 1.000
263.755 1.000
263.855 1.000
263.955 1.000
264.055 1.000
264.155 1.000
264.255 1.000
264.355 1.000
264.455 1.000
264.555 1.000
264.655 1.000
264.755 1.000
264.855 1.000
264.955 1.000
265.055 1.000
265.155 1.000
265.255 1.000
265.355 1.000
265.455 1.000
265.555 1.000
265.655 1.000
265.755 1.000
265.855 1.000
265.955 1.000
266.055 1.000
266.155 1.000
266.255 1.000
266.355 1.000
266.455 1.000
266.555 1.000
266.655 1.000
266.755 1.000
266.855 1.000
266.955 1.000
267.055 1.000
267.155 1.000
267.255 1.000
267.355 1.000
267.455 1.000
267.555 1.000
267.655 1.000
267.755 1.000
267.855 1.000
267.955 1.000
268.055 1.000
268.155 1.000
268.255 1.000
268.355 1.000
268.455 1.000
268.555 1.000
268.655 1.000
268.755 1.000
268.855 1.000
268.955 1.000
269.055 1.000
269.155 1.000
269.255 1.000
269.355 1.000
269.455 1.000
269.555 1.000
269.655 1.000
269.755 1.000
269.855 1.000
269.955 1.000
270.055 1.000
270.155 1.000
270.255 1.000
270.355 1.000
270.455 1.000
270.555 1.000
270.655 1.000
270.755 1.000
270.855 1.000
270.955 1.000
271.055 1.000
271.155 1.000
271.255 1.000
271.355 1.000
271.455 1.000
271.555 1.000
271.655 1.000
271.755 1.000
271.855 1.000
271.955 1.000
272.055 1.000
272.155 1.000
272.255 1.000
272.355 1.000
272.455 1.000
272.555 1.000
272.655 1.000
272.755 1.000
272.855 1.000
272.955 1.000
273.055 1.000
273.155 1.000
273.255 1.000
273.355 1.000
273.455 1.000
273.555 1.000
273.655 1.000
273.755 1.000
273.855 1.000
273.955 1.000
274.055 1.000
274.155 1.000
274.255 1.000
274.355 1.000
274.455 1.000
274.555 1.000
274.655 1.000
274.755 1.000
274.855 1.000
274.955 1.000
275.055 1.000
275.155 1.000
275.255 1.000
275.355 1.000
275.455 1.000
275.555 1.000
275.655 1.000
275.755 1.000
275.855 1.000
275.955 1.000
276.055 1.000
276.155 1.000
276.255 1.000
276.355 1.000
276.455 1.000
276.555 1.000
276.655 1.000
276.755 1.000
276.855 1.000
276.955 1.000
277.055 1.000
277.155 1.000
277.255 1.000
277.355 1.000
277.455 1.000
277.555 1.000
277.655 1.000
277.755 1.000
277.855 1.000
277.955 1.000
278.055 1.000
278.155 1.000
278.255 1.000
278.355 1.000
278.455 1.000
278.555 1.000
278.655 1.000
278.755 1.000
278.855 1.000
278.955 1.000
279.055 1.000
279.155 1.000
279.255 1.000
279.355 1.000
279.455 1.000
279.555 1.000
279.655 1.000
279.755 1.000
279.855 1.000
279.955 1.000
280.055 1.000
280.155 1.000
280.255 1.000
280.355 1.000
280.455 1.000
280.555 1.000
280.655 1.000
280.755 1.000
280.855 1.000
280.955 1.000
281.055 1.000
281.155 1.000
281.255 1.000
281.355 1.000
281.455 1.000
281.555 1.000
281.655 1.000
281.755 1.000
281.855 1.000
281.955 1.000
282.055 1.000
282.155 1.000
282.255 1.000
282.355 1.000
282.455 1.000
282.555 1.000
282.655 1.000
282.755 1.000
282.855 1.000
282.955 1.000
283.055 1.000
283.155 1.000
283.255 1.000
283.355 1.000
283.455 1.000
283.555 1.000
283.655 1.000
283.755 1.000
283.855 1.000
283.955 1.000
284.055 1.000
284.155 1.000
284.255 1.000
284.355 1.000
284.455 1.000
284.555 1.000
284.655 1.000
284.755 1.000
284.855 1.000
284.955 1.000
285.055 1.000
285.155 1.000
285.255 1.000
285.355 1.000
285.455 1.000
285.555 1.000
285.655 1.000
285.755 1.000
285.855 1.000
285.955 1.000
286.055 1.000
286.155 1.000
286.255 1.000
286.355 1.000
286.455 1.000
286.555 1.000
286.655 1.000
286.755 1.000
286.855 1.000
286.955 1.000
287.055 1.000
287.155 1.000
287.255 1.000
287.355 1.000
287.455 1.000
287.555 1.000
287.655 1.000
287.755 1.000
287.855 1.000
287.955 1.000
288.055 1.000
288.155 1.000
288.255 1.000
288.355 1.000
288.455 1.000
288.555 1.000
288.655 1.000
288.755 1.000
288.855 1.000
288.955 1.000
289.055 1.000
289.155 1.000
289.255 1.000
289.355 1.000
289.455 1.000
289.555 1.000
289.655 1.000
289.755 1.000
289.855 1.000
289.955 1.000
290.055 1.000
290.155 1.000
290.255 1.000
290.355 1.000
290.455 1.000
290.555 1.000
290.655 1.000
290.755 1.000
290.855 1.000
290.955 1.000
291.055 1.000
291.155 1.000
291.255 1.000
291.355 1.000
291.455 1.000
291.555 1.000
291.655 1.000
291.755 1.000
291.855 1.000
291.955 1.000
292.055 1.000
292.155 1.000
292.255 1.000
292.355 1.000
292.455 1.000
292.555 1.000
292.655 1.000
292.755 1.000
292.855 1.000
292.955 1.000
293.055 1.000
293.155 1.000
293.255 1.000
293.355 1.000
293.455 1.000
293.555 1.000
293.655 1.000
293.755 1.000
293.855 1.000
293.955 1.000
294.055 1.000
294.155 1.000
294.255 1.000
294.355 1.000
294.455 1.000
294.555 1.000
294.655 1.000
294.755 1.000
294.855 1.000
294.955 1.000
295.055 1.000
295.155 1.000
295.255 1.000
295.355 1.000
295.455 1.000
295.555 1.000
295.655 1.000
295.755 1.000
295.855 1.000
295.955 1.000
296.055 1.000
296.155 1.000
296.255 1.000
296.355 1.000
296.455 1.000
296.555 1.000
296.655 1.000
296.755 1.000
296.855 1.000
296.955 1.000
297.055 1.000
297.155 1.000
297.255 1.000
297.355 1.000
297.455 1.000
297.555 1.000
297.655 1.000
297.755 1.000
297.855 1.000
297.955 1.000
298.055 1.000
298.155 1.000
298.255 1.000
298.355 1.000
298.455 1.000
298.555 1.000
298.655 1.000
298.755 1.000
298.855 1.000
298.955 1.000
299.055 1.000
299.155 1.000
299.255 1.000
299.355 1.000
299.455 1.000
299.555 1.000
299.655 1.000
299.755 1.000
299.855 1.000
299.955 1.000
300.055 1.000
300.155 1.000
300.255 1.000
300.355 1.000
300.455 1.000
300.555 1.000
300.655 1.000
300.755 1.000
300.855 1.000
300.955 1.000
301.055 1.000
301.155 1.000
301.255 1.000
301.355 1.000
301.455 1.000
301.555 1.000
301.655 1.000
301.755 1.000
301.855 1.000
301.955 1.000
302.055 1.000
302.155 1.000
302.255 1.000
302.355 1.000
302.455 1.000
302.555 1.000
302.655 1.000
302.755 1.000
302.855 1.000
302.955 1.000
303.055 1.000
303.155 1.000
303.255 1.000
303.355 1.000
303.455 1.000
303.555 1.000
303.655 1.000
303.755 1.000
303.855 1.000
303.955 1.000
304.055 1.000
304.155 1.000
304.255 1.000
304.355 1.000
304.455 1.000
304.555 1.000
304.655 1.000
304.755 1.000
304.855 1.000
304.955 1.000
305.055 1.000
305.155 1.000
305.255 1.000
305.355 1.000
305.455 1.000
305.555 1.000
305.655 1.000
305.755 1.000
305.855 1.000
305.955 1.000
306.055 1.000
306.155 1.000
306.255 1.000
306.355 1.000
306.455 1.000
306.555 1.000
306.655 1.000
306.755 1.000
306.855 1.000
306.955 1.000
307.055 1.000
307.155 1.000
307.255 1.000
307.355 1.000
307.455 1.000
307.555 1.000
307.655 1.000
307.755 1.000
307.855 1.000
307.955 1.000
308.055 1.000
308.155 1.000
308.255 1.000
308.355 1.000
308.455 1.000
308.555 1.000
308.655 1.000
308.755 1.000
308.855 1.000
308.955 1.000
309.055 1.000
309.155 1.000
309.255 1.000
309.355 1.000
309.455 1.000
309.555 1.000
309.655 1.000
309.755 1.000
309.855 1.000
309.955 1.000
310.055 1.000
310.155 1.000
310.255 1.000
310.355 1.000
310.455 1.000
310.555 1.000
310.655 1.000
310.755 1.000
310.855 1.000
310.955 1.000
311.055 1.000
311.155 1.000
311.255 1.000
311.355 1.000
311.455 1.000
311.555 1.000
311.655 1.000
311.755 1.000
311.855 1.000
311.955 1.000
312.055 1.000
312.155 1.000
312.255 1.000
312.355 1.000
312.455 1.000
312.555 1.000
312.655 1.000
312.755 1.000
312.855 1.000
312.955 1.000
313.055 1.000
313.155 1.000
313.255 1.000
313.355 1.000
313.455 1.000
313.555 1.000
313.655 1.000
313.755 1.000
313.855 1.000
313.955 1.000
314.055 1.000
314.155 1.000
314.255 1.000
314.355 1.000
314.455 1.000
314.555 1.000
314.655 1.000
314.755 1.000
314.855 1.000
314.955 1.000
315.055 0.000
315.155 0.000
315.255 0.000
315.355 0.000
315.455 0.000
315.555 0.000
315.655 0.000
315.755 0.000
315.855 0.000
315.955 0.000
316.055 0.000
316.155 0.000
316.255 0.000
316.355 0.000
316.455 0.000
316.555 0.000
316.655 0.000
316.755 0.000
316.855 0.000
316.955 0.000
317.055 0.000
317.155 0.000
317.255 0.000
317.355 0.000
317.455 0.000
317.555 0.000
317.655 0.000
317.755 0.000
317.855 0.000
317.955 0.000
318.055 0.000
318.155 0.000
318.255 0.000
318.355 0.000
318.455 0.000
318.555 0.000
318.655 0.000
318.755 0.000
318.855 0.000
318.955 0.000
319.055 0.000
319.155 0.000
319.255 0.000
319.355 0.000
319.455 0.000
319.555 0.000
319.655 0.000
319.755 0.000
319.855 0.000
319.955 0.000
320.055 0.000
320.155 0.000
320.255 0.000
320.355 0.000
320.455 0.000
320.555 0.000
320.655 0.000
320.755 0.000
320.855 0.000
320.955 0.000
321.055 0.000
321.155 0.000
321.255 0.000
321.355 0.000
321.455 0.000
321.555 0.000
321.655 0.000
321.755 0.000
321.855 0.000
321.955 0.000
322.055 0.000
322.155 0.000
322.255 0.000
322.355 0.000
322.455 0.000
322.555 0.000
322.655 0.000
322.755 0.000
322.855 0.000
322.955 0.000
323.055 0.000
323.155 0.000
323.255 0.000
323.355 0.000
323.455 0.000
323.555 0.000
323.655 0.000
323.755 0.000
323.855 0.000
323.955 0.000
324.055 0.000
324.155 0.000
324.255 0.000
324.355 0.000
324.455 0.000
324.555 0.000
324.655 0.000
324.755 0.000
324.855 0.000
324.955 0.000
325.055 0.000
325.155 0.000
325.255 0.000
325.355 0.000
325.455 0.000
325.555 0.000
325.655 0.000
325.755 0.000
325.855 0.000
325.955 0.000
326.055 0.000
326.155 0.000
326.255 0.000
326.355 0.000
326.455 0.000
326.555 0.000
326.655 0.000
326.755 0.000
326.855 0.000
326.955 0.000
327.055 0.000
327.155 0.000
327.255 0.000
327.355 0.000
327.455 0.000
327.555 0.000
327.655 0.000
327.755 0.000
327.855 0.000
327.955 0.000
328.055 0.000
328.155 0.000
328.255 0.000
328.355 0.000
328.455 0.000
328.555 0.000
328.655 0.000
328.755 0.000
328.855 0.000
328.955 0.000
329.055 0.000
329.155 0.000
329.255 0.000
329.355 0.000
329.455 0.000
329.555 0.000
329.655 0.000
329.755 0.000
329.855 0.000
329.955 0.000
330.055 0.000
330.155 0.000
330.255 0.000
330.355 0.000
330.455 0.000
330.555 0.000
330.655 0.000
330.755 0.000
330.855 0.000
330.955 0.000
331.055 0.000
331.155 0.000
331.255 0.000
331.355 0.000
331.455 0.000
331.555 0.000
331.655 0.000
331.755 0.000
331.855 0.000
331.955 0.000
332.055 0.000
332.155 0.000
332.255 0.000
332.355 0.000
332.455 0.000
332.555 0.000
332.655 0.000
332.755 0.000
332.855 0.000
332.955 0.000
333.055 0.000
333.155 0.000
333.255 0.000
333.355 0.000
333.455 0.000
333.555 0.000
333.655 0.000
333.755 0.000
333.855 0.000
333.955 0.000
334.055 0.000
334.155 0.000
334.255 0.000
334.355 0.000
334.455 0.000
334.555 0.000
334.655 0.000
334.755 0.000
334.855 0.000
334.955 0.000
335.055 0.000
335.155 0.000
335.255 0.000
335.355 0.000
335.455 0.000
335.555 0.000
335.655 0.000
335.755 0.000
335.855 0.000
335.955 0.000
336.055 0.000
336.155 0.000
336.255 0.000
336.355 0.000
336.455 0.000
336.555 0.000
336.655 0.000
336.755 0.000
336.855 0.000
336.955 0.000
337.055 0.000
337.155 0.000
337.255 0.000
337.355 0.000
337.455 0.000
337.555 0.000
337.655 0.000
337.755 0.000
337.855 0.000
337.955 0.000
338.055 0.000
338.155 0.000
338.255 0.000
338.355 0.000
338.455 0.000
338.555 0.000
338.655 0.000
338.755 0.000
338.855 0.000
338.955 0.000
339.055 0.000
339.155 0.000
339.255 0.000
339.355 0.000
339.455 0.000
339.555 0.000
339.655 0.000
339.755 0.000
339.855 0.000
339.955 0.000
340.055 0.000
340.155 0.000
340.255 0.000
340.355 0.000
340.455 0.000
340.555 0.000
340.655 0.000
340.755 0.000
340.855 0.000
340.955 0.000
341.055 0.000
341.155 0.000
341.255 0.000
341.355 0.000
341.455 0.000
341.555 0.000
341.655 0.000
341.755 0.000
341.855 0.000
341.955 0.000
342.055 0.000
342.155 0.000
342.255 0.000
342.355 0.000
342.455 0.000
342.555 0.000
342.655 0.000
342.755 0.000
342.855 0.000
342.955 0.000
343.055 0.000
343.155 0.000
343.255 0.000
343.355 0.000
343.455 0.000
343.555 0.000
343.655 0.000
343.755 0.000
343.855 0.000
343.955 0.000
344.055 0.000
344.155 0.000
344.255 0.000
344.355 0.000
344.455 0.000
344.555 0.000
344.655 0.000
344.755 0.000
344.855 0.000
344.955 0.000
345.055 0.000
345.155 0.000
345.255 0.000
345.355 0.000
345.455 0.000
345.555 0.000
345.655 0.000
345.755 0.000
345.855 0.000
345.955 0.000
346.055 0.000
346.155 0.000
346.255 0.000
346.355 0.000
346.455 0.000
346.555 0.000
