178.146 0.000
178.246 0.000
178.346 0.000
178.446 0.000
178.546 0.000
178.646 0.000
178.746 0.000
178.846 0.000
178.946 0.000
179.046 0.000
179.146 0.000
179.246 0.000
179.346 0.000
179.446 0.000
179.546 0.000
179.646 0.000
179.746 0.000
179.846 0.000
179.946 0.000
180.046 0.000
180.146 0.000
180.246 0.000
180.346 0.000
180.446 0.000
180.546 0.000
180.646 0.000
180.746 0.000
180.846 0.000
180.946 0.000
181.046 0.000
181.146 0.000
181.246 0.000
181.346 0.000
181.446 0.000
181.546 0.000
181.646 0.000
181.746 0.000
181.846 0.000
181.946 0.000
182.046 0.000
182.146 0.000
182.246 0.000
182.346 0.000
182.446 0.000
182.546 0.000
182.646 0.000
182.746 0.000
182.846 0.000
182.946 0.000
183.046 0.000
183.146 0.000
183.246 0.000
183.346 0.000
183.446 0.000
183.546 0.000
183.646 0.000
183.746 0.000
183.846 0.000
183.946 0.000
184.046 0.000
184.146 0.000
184.246 0.000
184.346 0.000
184.446 0.000
184.546 0.000
184.646 0.000
184.746 0.000
184.846 0.000
184.946 0.000
185.046 0.000
185.146 0.000
185.246 0.000
185.346 0.000
185.446 0.000
185.546 0.000
185.646 0.000
185.746 0.000
185.846 0.000
185.946 0.000
186.046 0.000
186.146 0.000
186.246 0.000
186.346 0.000
186.446 0.000
186.546 0.000
186.646 0.000
186.746 0.000
186.846 0.000
186.946 0.000
187.046 0.000
187.146 0.000
187.246 0.000
187.346 0.000
187.446 0.000
187.546 0.000
187.646 0.000
187.746 0.000
187.846 0.000
187.946 0.000
188.046 0.000
188.146 0.000
188.246 0.000
188.346 0.000
188.446 0.000
188.546 0.000
188.646 0.000
188.746 0.000
188.846 0.000
188.946 0.000
189.046 0.000
189.146 0.000
189.246 0.000
189.346 0.000
189.446 0.000
189.546 0.000
189.646 0.000
189.746 0.000
189.846 0.000
189.946 0.000
190.046 0.000
190.146 0.000
190.246 0.000
190.346 0.000
190.446 0.000
190.546 0.000
190.646 0.000
190.746 0.000
190.846 0.000
190.946 0.000
191.046 0.000
191.146 0.000
191.246 0.000
191.346 0.000
191.446 0.000
191.546 0.000
191.646 0.000
191.746 0.000
191.846 0.000
191.946 0.000
192.046 0.000
192.146 0.000
192.246 0.000
192.346 0.000
192.446 0.000
192.546 0.000
192.646 0.000
192.746 0.000
192.846 0.000
192.946 0.000
193.046 0.000
193.146 0.000
193.246 0.000
193.346 0.000
193.446 0.000
193.546 0.000
193.646 0.000
193.746 0.000
193.846 0.000
193.946 0.000
194.046 0.000
194.146 0.000
194.246 0.000
194.346 0.000
194.446 0.000
194.546 0.000
194.646 0.000
194.746 0.000
194.846 0.000
194.946 0.000
195.046 0.000
195.146 0.000
195.246 0.000
195.346 0.000
195.446 0.000
195.546 0.000
195.646 0.000
195.746 0.000
195.846 0.000
195.946 0.000
196.046 0.000
196.146 0.000
196.246 0.000
196.346 0.000
196.446 0.000
196.546 0.000
196.646 0.000
196.746 0.000
196.846 0.000
196.946 0.000
197.046 0.000
197.146 0.000
197.246 0.000
197.346 0.000
197.446 0.000
197.546 0.000
197.646 0.000
197.746 0.000
197.846 0.000
197.946 1.000
198.046 1.000
198.146 1.000
198.246 1.000
198.346 1.000
198.446 1.000
198.546 1.000
198.646 1.000
198.746 1.000
198.846 1.000
198.946 1.000
199.046 1.000
199.146 1.000
199.246 1.000
199.346 1.000
199.446 1.000
199.546 1.000
199.646 1.000
199.746 1.000
199.846 1.000
199.946 1.000
200.046 1.000
200.146 1.000
200.246 1.000
200.346 1.000
200.446 1.000
200.546 1.000
200.646 1.000
200.746 1.000
200.846 1.000
200.946 1.000
201.046 1.000
201.146 1.000
201.246 1.000
201.346 1.000
201.446 1.000
201.546 1.000
201.646 1.000
201.746 1.000
201.846 1.000
201.946 1.000
202.046 1.000
202.146 1.000
202.246 1.000
202.346 1.000
202.446 1.000
202.546 1.000
202.646 1.000
202.746 1.000
202.846 1.000
202.946 1.000
203.046 1.000
203.146 1.000
203.246 1.000
203.346 1.000
203.446 1.000
203.546 1.000
203.646 1.000
203.746 1.000
203.846 1.000
203.946 1.000
204.046 1.000
204.146 1.000
204.246 1.000
204.346 1.000
204.446 1.000
204.546 1.000
204.646 1.000
204.746 1.000
204.846 1.000
204.946 1.000
205.046 1.000
205.146 1.000
205.246 1.000
205.346 1.000
205.446 1.000
205.546 1.000
205.646 1.000
205.746 1.000
205.846 1.000
205.946 1.000
206.046 1.000
206.146 1.000
206.246 1.000
206.346 1.000
206.446 1.000
206.546 1.000
206.646 1.000
206.746 1.000
206.846 1.000
206.946 1.000
207.046 1.000
207.146 1.000
207.246 1.000
207.346 1.000
207.446 1.000
207.546 1.000
207.646 1.000
207.746 1.000
207.846 1.000
207.946 1.000
208.046 1.000
208.146 1.000
208.246 1.000
208.346 1.000
208.446 1.000
208.546 1.000
208.646 1.000
208.746 1.000
208.846 1.000
208.946 1.000
209.046 1.000
209.146 1.000
209.246 1.000
209.346 1.000
209.446 1.000
209.546 1.000
209.646 1.000
209.746 1.000
209.846 1.000
209.946 1.000
210.046 1.000
210.146 1.000
210.246 1.000
210.346 1.000
210.446 1.000
210.546 1.000
210.646 1.000
210.746 1.000
210.846 1.000
210.946 1.000
211.046 1.000
211.146 1.000
211.246 1.000
211.346 1.000
211.446 1.000
211.546 1.000
211.646 1.000
211.746 1.000
211.846 1.000
211.946 1.000
212.046 1.000
212.146 1.000
212.246 1.000
212.346 1.000
212.446 1.000
212.546 1.000
212.646 1.000
212.746 1.000
212.846 1.000
212.946 1.000
213.046 1.000
213.146 1.000
213.246 1.000
213.346 1.000
213.446 1.000
213.546 1.000
213.646 1.000
213.746 1.000
213.846 1.000
213.946 1.000
214.046 1.000
214.146 1.000
214.246 1.000
214.346 1.000
214.446 1.000
214.546 1.000
214.646 1.000
214.746 1.000
214.846 1.000
214.946 1.000
215.046 1.000
215.146 1.000
215.246 1.000
215.346 1.000
215.446 1.000
215.546 1.000
215.646 1.000
215.746 1.000
215.846 1.000
215.946 1.000
216.046 1.000
216.146 1.000
216.246 1.000
216.346 1.000
216.446 1.000
216.546 1.000
216.646 1.000
216.746 1.000
216.846 1.000
216.946 1.000
217.046 1.000
217.146 1.000
217.246 1.000
217.346 1.000
217.446 1.000
217.546 1.000
217.646 1.000
217.746 1.000
217.846 1.000
217.946 1.000
218.046 1.000
218.146 1.000
218.246 1.000
218.346 1.000
218.446 1.000
218.546 1.000
218.646 1.000
218.746 1.000
218.846 1.000
218.946 1.000
219.046 1.000
219.146 1.000
219.246 1.000
219.346 1.000
219.446 1.000
219.546 1.000
219.646 1.000
219.746 1.000
219.846 1.000
219.946 1.000
220.046 1.000
220.146 1.000
220.246 1.000
220.346 1.000
220.446 1.000
220.546 1.000
220.646 1.000
220.746 1.000
220.846 1.000
220.946 1.000
221.046 1.000
221.146 1.000
221.246 1.000
221.346 1.000
221.446 1.000
221.546 1.000
221.646 1.000
221.746 1.000
221.846 1.000
221.946 1.000
222.046 1.000
222.146 1.000
222.246 1.000
222.346 1.000
222.446 1.000
222.546 1.000
222.646 1.000
222.746 1.000
222.846 1.000
222.946 1.000
223.046 1.000
223.146 1.000
223.246 1.000
223.346 1.000
223.446 1.000
223.546 1.000
223.646 1.000
223.746 1.000
223.846 1.000
223.946 1.000
224.046 1.000
224.146 1.000
224.246 1.000
224.346 1.000
224.446 1.000
224.546 1.000
224.646 1.000
224.746 1.000
224.846 1.000
224.946 1.000
225.046 1.000
225.146 1.000
225.246 1.000
225.346 1.000
225.446 1.000
225.546 1.000
225.646 1.000
225.746 1.000
225.846 1.000
225.946 1.000
226.046 1.000
226.146 1.000
226.246 1.000
226.346 1.000
226.446 1.000
226.546 1.000
226.646 1.000
226.746 1.000
226.846 1.000
226.946 1.000
227.046 1.000
227.146 1.000
227.246 1.000
227.346 1.000
227.446 1.000
227.546 1.000
227.646 1.000
227.746 1.000
227.846 1.000
227.946 1.000
228.046 1.000
228.146 1.000
228.246 1.000
228.346 1.000
228.446 1.000
228.546 1.000
228.646 1.000
228.746 1.000
228.846 1.000
228.946 1.000
229.046 1.000
229.146 1.000
229.246 1.000
229.346 1.000
229.446 1.000
229.546 1.000
229.646 1.000
229.746 1.000
229.846 1.000
229.946 1.000
230.046 1.000
230.146 1.000
230.246 1.000
230.346 1.000
230.446 1.000
230.546 1.000
230.646 1.000
230.746 1.000
230.846 1.000
230.946 1.000
231.046 1.000
231.146 1.000
231.246 1.000
231.346 1.000
231.446 1.000
231.546 1.000
231.646 1.000
231.746 1.000
231.846 1.000
231.946 1.000
232.046 1.000
232.146 1.000
232.246 1.000
232.346 1.000
232.446 1.000
232.546 1.000
232.646 1.000
232.746 1.000
232.846 1.000
232.946 1.000
233.046 1.000
233.146 1.000
233.246 1.000
233.346 1.000
233.446 1.000
233.546 1.000
233.646 1.000
233.746 1.000
233.846 1.000
233.946 1.000
234.046 1.000
234.146 1.000
234.246 1.000
234.346 1.000
234.446 1.000
234.546 1.000
234.646 1.000
234.746 1.000
234.846 1.000
234.946 1.000
235.046 1.000
235.146 1.000
235.246 1.000
235.346 1.000
235.446 1.000
235.546 1.000
235.646 1.000
235.746 1.000
235.846 1.000
235.946 1.000
236.046 1.000
236.146 1.000
236.246 1.000
236.346 1.000
236.446 1.000
236.546 1.000
236.646 1.000
236.746 1.000
236.846 1.000
236.946 1.000
237.046 1.000
237.146 1.000
237.246 1.000
237.346 1.000
237.446 1.000
237.546 1.000
237.646 1.000
237.746 1.000
237.846 1.000
237.946 1.000
238.046 1.000
238.146 1.000
238.246 1.000
238.346 1.000
238.446 1.000
238.546 1.000
238.646 1.000
238.746 1.000
238.846 1.000
238.946 1.000
239.046 1.000
239.146 1.000
239.246 1.000
239.346 1.000
239.446 1.000
239.546 1.000
239.646 1.000
239.746 1.000
239.846 1.000
239.946 1.000
240.046 1.000
240.146 1.000
240.246 1.000
240.346 1.000
240.446 1.000
240.546 1.000
240.646 1.000
240.746 1.000
240.846 1.000
240.946 1.000
241.046 1.000
241.146 1.000
241.246 1.000
241.346 1.000
241.446 1.000
241.546 1.000
241.646 1.000
241.746 1.000
241.846 1.000
241.946 1.000
242.046 1.000
242.146 1.000
242.246 1.000
242.346 1.000
242.446 1.000
242.546 1.000
242.646 1.000
242.746 1.000
242.846 1.000
242.946 1.000
243.046 1.000
243.146 1.000
243.246 1.000
243.346 1.000
243.446 1.000
243.546 1.000
243.646 1.000
243.746 1.000
243.846 1.000
243.946 1.000
244.046 1.000
244.146 1.000
244.246 1.000
244.346 1.000
244.446 1.000
244.546 1.000
244.646 1.000
244.746 1.000
244.846 1.000
244.946 1.000
245.046 1.000
245.146 1.000
245.246 1.000
245.346 1.000
245.446 1.000
245.546 1.000
245.646 1.000
245.746 1.000
245.846 1.000
245.946 1.000
246.046 1.000
246.146 1.000
246.246 1.000
246.346 1.000
246.446 1.000
246.546 1.000
246.646 1.000
246.746 1.000
246.846 1.000
246.946 1.000
247.046 1.000
247.146 1.000
247.246 1.000
247.346 1.000
247.446 1.000
247.546 1.000
247.646 1.000
247.746 1.000
247.846 1.000
247.946 1.000
248.046 1.000
248.146 1.000
248.246 1.000
248.346 1.000
248.446 1.000
248.546 1.000
248.646 1.000
248.746 1.000
248.846 1.000
248.946 1.000
249.046 1.000
249.146 1.000
249.246 1.000
249.346 1.000
249.446 1.000
249.546 1.000
249.646 1.000
249.746 1.000
249.846 1.000
249.946 1.000
250.046 1.000
250.146 1.000
250.246 1.000
250.346 1.000
250.446 1.000
250.546 1.000
250.646 1.000
250.746 1.000
250.846 1.000
250.946 1.000
251.046 1.000
251.146 1.000
251.246 1.000
251.346 1.000
251.446 1.000
251.546 1.000
251.646 1.000
251.746 1.000
251.846 1.000
251.946 1.000
252.046 1.000
252.146 1.000
252.246 1.000
252.346 1.000
252.446 1.000
252.546 1.000
252.646 1.000
252.746 1.000
252.846 1.000
252.946 1.000
253.046 1.000
253.146 1.000
253.246 1.000
253.346 1.000
253.446 1.000
253.546 1.000
253.646 1.000
253.746 1.000
253.846 1.000
253.946 1.000
254.046 1.000
254.146 1.000
254.246 1.000
254.346 1.000
254.446 1.000
254.546 1.000
254.646 1.000
254.746 1.000
254.846 1.000
254.946 1.000
255.046 1.000
255.146 1.000
255.246 1.000
255.346 1.000
255.446 1.000
255.546 1.000
255.646 1.000
255.746 1.000
255.846 1.000
255.946 1.000
256.046 1.000
256.146 0.000
256.246 0.000
256.346 0.000
256.446 0.000
256.546 0.000
256.646 0.000
256.746 0.000
256.846 0.000
256.946 0.000
257.046 0.000
257.146 0.000
257.246 0.000
257.346 0.000
257.446 0.000
257.546 0.000
257.646 0.000
257.746 0.000
257.846 0.000
257.946 0.000
258.046 0.000
258.146 0.000
258.246 0.000
258.346 0.000
258.446 0.000
258.546 0.000
258.646 0.000
258.746 0.000
258.846 0.000
258.946 0.000
259.046 0.000
259.146 0.000
259.246 0.000
259.346 0.000
259.446 0.000
259.546 0.000
259.646 0.000
259.746 0.000
259.846 0.000
259.946 0.000
260.046 0.000
260.146 0.000
260.246 0.000
260.346 0.000
260.446 0.000
260.546 0.000
260.646 0.000
260.746 0.000
260.846 0.000
260.946 0.000
261.046 0.000
261.146 0.000
261.246 0.000
261.346 0.000
261.446 0.000
261.546 0.000
261.646 0.000
261.746 0.000
261.846 0.000
261.946 0.000
262.046 0.000
262.146 0.000
262.246 0.000
262.346 0.000
262.446 0.000
262.546 0.000
262.646 0.000
262.746 0.000
262.846 0.000
262.946 0.000
263.046 0.000
263.146 0.000
263.246 0.000
263.346 0.000
263.446 0.000
263.546 0.000
263.646 0.000
263.746 0.000
263.846 0.000
263.946 0.000
264.046 0.000
264.146 0.000
264.246 0.000
264.346 0.000
264.446 0.000
264.546 0.000
264.646 0.000
264.746 0.000
264.846 0.000
264.946 0.000
265.046 0.000
265.146 0.000
265.246 0.000
265.346 0.000
265.446 0.000
265.546 0.000
265.646 0.000
265.746 0.000
265.846 0.000
265.946 0.000
266.046 0.000
266.146 0.000
266.246 0.000
266.346 0.000
266.446 0.000
266.546 0.000
266.646 0.000
266.746 0.000
266.846 0.000
266.946 0.000
267.046 0.000
267.146 0.000
267.246 0.000
267.346 0.000
267.446 0.000
267.546 0.000
267.646 0.000
267.746 0.000
267.846 0.000
267.946 0.000
268.046 0.000
268.146 0.000
268.246 0.000
268.346 0.000
268.446 0.000
268.546 0.000
268.646 0.000
268.746 0.000
268.846 0.000
268.946 0.000
269.046 0.000
269.146 0.000
269.246 0.000
269.346 0.000
269.446 0.000
269.546 0.000
269.646 0.000
269.746 0.000
269.846 0.000
269.946 0.000
270.046 0.000
270.146 0.000
270.246 0.000
270.346 0.000
270.446 0.000
270.546 0.000
270.646 0.000
270.746 0.000
270.846 0.000
270.946 0.000
271.046 0.000
271.146 0.000
271.246 0.000
271.346 0.000
271.446 0.000
271.546 0.000
271.646 0.000
271.746 0.000
271.846 0.000
271.946 0.000
272.046 0.000
272.146 0.000
272.246 0.000
272.346 0.000
272.446 0.000
272.546 0.000
272.646 0.000
272.746 0.000
272.846 0.000
272.946 0.000
273.046 0.000
273.146 0.000
273.246 0.000
273.346 0.000
273.446 0.000
273.546 0.000
273.646 0.000
273.746 0.000
273.846 0.000
273.946 0.000
274.046 0.000
274.146 0.000
274.246 0.000
274.346 0.000
274.446 0.000
274.546 0.000
274.646 0.000
274.746 0.000
274.846 0.000
274.946 0.000
275.046 0.000
275.146 0.000
275.246 0.000
275.346 0.000
275.446 0.000
275.546 0.000
275.646 0.000
275.746 0.000
275.846 0.000
275.946 0.000
276.046 0.000
276.146 0.000
276.246 0.000
276.346 0.000
276.446 0.000
276.546 0.000
276.646 0.000
276.746 0.000
276.846 0.000
276.946 0.000
277.046 0.000
277.146 0.000
277.246 0.000
277.346 0.000
277.446 0.000
277.546 0.000
277.646 0.000
277.746 0.000
277.846 0.000
277.946 0.000
278.046 0.000
278.146 0.000
278.246 0.000
278.346 0.000
278.446 0.000
278.546 0.000
278.646 0.000
278.746 0.000
278.846 0.000
278.946 0.000
279.046 0.000
279.146 0.000
279.246 0.000
279.346 0.000
279.446 0.000
279.546 0.000
279.646 0.000
279.746 0.000
279.846 0.000
279.946 0.000
280.046 0.000
280.146 0.000
280.246 0.000
280.346 0.000
280.446 0.000
280.546 0.000
280.646 0.000
280.746 0.000
280.846 0.000
280.946 0.000
281.046 0.000
281.146 0.000
281.246 0.000
281.346 0.000
281.446 0.000
281.546 0.000
281.646 0.000
