1.800000000000000000e+02 9.537419402532236086e-08
1.805000000000000000e+02 1.514611232516973540e-07
1.810000000000000000e+02 2.246940228317027500e-07
1.815000000000000000e+02 3.641774074621296219e-07
1.820000000000000000e+02 5.467467809234858911e-07
1.825000000000000000e+02 9.039505143359208820e-07
1.830000000000000000e+02 1.371407724718075753e-06
1.835000000000000000e+02 2.296278327029556565e-06
1.840000000000000000e+02 3.501220828752473359e-06
1.845000000000000000e+02 5.907672643202618928e-06
1.850000000000000000e+02 9.012979660675709789e-06
1.855000000000000000e+02 1.531860429837880107e-05
1.860000000000000000e+02 2.333268564426265162e-05
1.865000000000000000e+02 4.009012630896185612e-05
1.870000000000000000e+02 6.094607345560998477e-05
1.875000000000000000e+02 1.069863720825457997e-04
1.880000000000000000e+02 1.628299742868168554e-04
1.885000000000000000e+02 2.941952342478298173e-04
1.890000000000000000e+02 4.489199366023868365e-04
1.895000000000000000e+02 8.405589040205605975e-04
1.900000000000000000e+02 1.287950514222943902e-03
1.905000000000000000e+02 2.512281096060179231e-03
1.910000000000000000e+02 3.870810941226744250e-03
1.915000000000000000e+02 7.926193405807881870e-03
1.920000000000000000e+02 1.231290675080036305e-02
1.925000000000000000e+02 2.653655620082728470e-02
1.930000000000000000e+02 4.160271631245945206e-02
1.935000000000000000e+02 8.624469539113666094e-02
1.940000000000000000e+02 1.327235035605640601e-01
1.945000000000000000e+02 1.949754594002250374e-01
1.950000000000000000e+02 2.587010901497091564e-01
1.955000000000000000e+02 2.766514452643439870e-01
1.960000000000000000e+02 2.943045714641200905e-01
1.965000000000000000e+02 3.060333355851423409e-01
1.970000000000000000e+02 3.173669178784332967e-01
1.975000000000000000e+02 3.475826333993330963e-01
1.980000000000000000e+02 3.775906258838046536e-01
1.985000000000000000e+02 4.264001485505182765e-01
1.990000000000000000e+02 4.749941219153976379e-01
1.995000000000000000e+02 5.316390738695861984e-01
2.000000000000000000e+02 5.879715850276914235e-01
2.005000000000000000e+02 6.323679916775736265e-01
2.010000000000000000e+02 6.764293797814255882e-01
2.015000000000000000e+02 6.893435764195158244e-01
2.020000000000000000e+02 7.020642835599306686e-01
2.025000000000000000e+02 6.874467850104738487e-01
2.030000000000000000e+02 6.728292950345792223e-01
2.035000000000000000e+02 6.515096945372632620e-01
2.040000000000000000e+02 6.302962756122633126e-01
2.045000000000000000e+02 6.166130058870359365e-01
2.050000000000000000e+02 6.030606969856114885e-01
2.055000000000000000e+02 5.997712774388588297e-01
2.060000000000000000e+02 5.966127427168196329e-01
2.065000000000000000e+02 6.012715510404209596e-01
2.070000000000000000e+02 6.060638229275515654e-01
2.075000000000000000e+02 6.147660445817517694e-01
2.080000000000000000e+02 6.236082334682616635e-01
2.085000000000000000e+02 6.336860136004703881e-01
2.090000000000000000e+02 6.438999323758480831e-01
2.095000000000000000e+02 6.545010666707682390e-01
2.100000000000000000e+02 6.652253830639254240e-01
2.105000000000000000e+02 6.752798064327127925e-01
2.110000000000000000e+02 6.854313040418992253e-01
2.115000000000000000e+02 6.929890610808783213e-01
2.120000000000000000e+02 7.006086048031762159e-01
2.125000000000000000e+02 7.040793861614744742e-01
2.130000000000000000e+02 7.075668979280087534e-01
2.135000000000000000e+02 7.078829537315810549e-01
2.140000000000000000e+02 7.081768728843007565e-01
2.145000000000000000e+02 7.074264885044286855e-01
2.150000000000000000e+02 7.066276643954694237e-01
2.155000000000000000e+02 7.056373073897010961e-01
2.160000000000000000e+02 7.045817607234762248e-01
2.165000000000000000e+02 7.028251884809327832e-01
2.170000000000000000e+02 7.009962643526606030e-01
2.175000000000000000e+02 6.985536235222165047e-01
2.180000000000000000e+02 6.960421537653163071e-01
2.185000000000000000e+02 6.943500329768835799e-01
2.190000000000000000e+02 6.925980848193368233e-01
2.195000000000000000e+02 6.931898444046992180e-01
2.200000000000000000e+02 6.937358784260749811e-01
2.205000000000000000e+02 6.968592589794323500e-01
2.210000000000000000e+02 6.999509459576914727e-01
2.215000000000000000e+02 7.043424914494293976e-01
2.220000000000000000e+02 7.087142660730252341e-01
2.225000000000000000e+02 7.127276611622990199e-01
2.230000000000000000e+02 7.167350738858363490e-01
2.235000000000000000e+02 7.195148845095543644e-01
2.240000000000000000e+02 7.222959163441076136e-01
2.245000000000000000e+02 7.242874509804396732e-01
2.250000000000000000e+02 7.262817728886489244e-01
2.255000000000000000e+02 7.280529993776386766e-01
2.260000000000000000e+02 7.298270778601007036e-01
2.265000000000000000e+02 7.311797479706926284e-01
2.270000000000000000e+02 7.325308940905677080e-01
2.275000000000000000e+02 7.328247797449163325e-01
2.280000000000000000e+02 7.331068743861276493e-01
2.285000000000000000e+02 7.323441974041250413e-01
2.290000000000000000e+02 7.315595978107782837e-01
2.295000000000000000e+02 7.306285471835263223e-01
2.300000000000000000e+02 7.296684362430718718e-01
2.305000000000000000e+02 7.294061714496150595e-01
2.310000000000000000e+02 7.291132289714430392e-01
2.315000000000000000e+02 7.293432766731641204e-01
2.320000000000000000e+02 7.295452551074330660e-01
2.325000000000000000e+02 7.294130646956173969e-01
2.330000000000000000e+02 7.292661756265097495e-01
2.335000000000000000e+02 7.282083750491690211e-01
2.340000000000000000e+02 7.271527127328172302e-01
2.345000000000000000e+02 7.257486782146403970e-01
2.350000000000000000e+02 7.243688552136701153e-01
2.355000000000000000e+02 7.236452210310854172e-01
2.360000000000000000e+02 7.229684490276802045e-01
2.365000000000000000e+02 7.234761889827874271e-01
2.370000000000000000e+02 7.240492753612817189e-01
2.375000000000000000e+02 7.256082371393423047e-01
2.380000000000000000e+02 7.272360421078400972e-01
2.385000000000000000e+02 7.291636469360014416e-01
2.390000000000000000e+02 7.311375845885254021e-01
2.395000000000000000e+02 7.329392843159769910e-01
2.400000000000000000e+02 7.347301714823921692e-01
2.405000000000000000e+02 7.362323650249122942e-01
2.410000000000000000e+02 7.376195152089330964e-01
2.415000000000000000e+02 7.387101949551168056e-01
2.420000000000000000e+02 7.395238332760029065e-01
2.425000000000000000e+02 7.399497891507469394e-01
2.430000000000000000e+02 7.398788836084341236e-01
2.435000000000000000e+02 7.388631632481593714e-01
2.440000000000000000e+02 7.370918127159782340e-01
2.445000000000000000e+02 7.338179270099833840e-01
2.450000000000000000e+02 7.295257854898594685e-01
2.455000000000000000e+02 7.236802902542754934e-01
2.460000000000000000e+02 7.166153773582880637e-01
2.465000000000000000e+02 7.083591740569513684e-01
2.470000000000000000e+02 6.988171570040037084e-01
2.475000000000000000e+02 6.885109762233757591e-01
2.480000000000000000e+02 6.770519967342865097e-01
2.485000000000000000e+02 6.649661942240284729e-01
2.490000000000000000e+02 6.521252291057330064e-01
2.495000000000000000e+02 6.387374257148048518e-01
2.500000000000000000e+02 6.252778248350058243e-01
2.505000000000000000e+02 6.117783180211849858e-01
2.510000000000000000e+02 5.991186608774444755e-01
2.515000000000000000e+02 5.874071210535983800e-01
2.520000000000000000e+02 5.775208424687975350e-01
2.525000000000000000e+02 5.697541435084408912e-01
2.530000000000000000e+02 5.643366367005954176e-01
2.535000000000000000e+02 5.610053302128835684e-01
2.540000000000000000e+02 5.575607779894938831e-01
2.545000000000000000e+02 5.492979218332764146e-01
2.550000000000000000e+02 5.256316297895985423e-01
2.555000000000000000e+02 4.714038664154625025e-01
2.560000000000000000e+02 3.771789455201159935e-01
2.565000000000000000e+02 2.594336781679755788e-01
2.570000000000000000e+02 1.544397119176766919e-01
2.575000000000000000e+02 8.347490207359856140e-02
2.580000000000000000e+02 4.363362331294413227e-02
2.585000000000000000e+02 2.363675268271327179e-02
2.590000000000000000e+02 1.432138868500535019e-02
2.595000000000000000e+02 1.026759624131384080e-02
2.600000000000000000e+02 8.633967684107459253e-03
2.605000000000000000e+02 8.018502453214578982e-03
2.610000000000000000e+02 7.755763005018421162e-03
2.615000000000000000e+02 7.546319989501492145e-03
2.620000000000000000e+02 7.275365535061083765e-03
2.625000000000000000e+02 6.908164283101176674e-03
2.630000000000000000e+02 6.456526558711283593e-03
2.635000000000000000e+02 5.941678881763033833e-03
2.640000000000000000e+02 5.393003547684385203e-03
2.645000000000000000e+02 4.835410604088910026e-03
2.650000000000000000e+02 4.289538803204155822e-03
2.655000000000000000e+02 3.771657906035818728e-03
2.660000000000000000e+02 3.291251760634605894e-03
2.665000000000000000e+02 2.855063230099957015e-03
2.670000000000000000e+02 2.465096542692533661e-03
2.675000000000000000e+02 2.120986837272962819e-03
2.680000000000000000e+02 1.821276435298794984e-03
2.685000000000000000e+02 1.562045811152007078e-03
2.690000000000000000e+02 1.340284047599423498e-03
2.695000000000000000e+02 1.151026355177517044e-03
2.700000000000000000e+02 9.909068542309710636e-04
2.705000000000000000e+02 8.554955576217090690e-04
2.710000000000000000e+02 7.414622049653255519e-04
2.715000000000000000e+02 6.452425501788708589e-04
2.720000000000000000e+02 5.641318262530132166e-04
2.725000000000000000e+02 4.952353591943455023e-04
2.730000000000000000e+02 4.368459001571922706e-04
2.735000000000000000e+02 3.865711106933857142e-04
2.740000000000000000e+02 3.435822624783439554e-04
2.745000000000000000e+02 3.060514363572350684e-04
2.750000000000000000e+02 2.736008475395395635e-04
2.755000000000000000e+02 2.448336302546987096e-04
2.760000000000000000e+02 2.196811491803088933e-04
2.765000000000000000e+02 1.971073894945731724e-04
2.770000000000000000e+02 1.771847708347990295e-04
2.775000000000000000e+02 1.593054316504232976e-04
2.780000000000000000e+02 1.433959702286337812e-04
2.785000000000000000e+02 1.294765722769282705e-04
2.790000000000000000e+02 1.170005532173771796e-04
2.795000000000000000e+02 1.065628709325324195e-04
2.800000000000000000e+02 9.711241269930227815e-05
2.805000000000000000e+02 8.931227128415831975e-05
2.810000000000000000e+02 8.218628036161780776e-05
2.815000000000000000e+02 7.600788897272917565e-05
2.820000000000000000e+02 7.033768561657311889e-05
2.825000000000000000e+02 6.515241580133081451e-05
2.830000000000000000e+02 6.037981367716304065e-05
2.835000000000000000e+02 5.592047384929320434e-05
2.840000000000000000e+02 5.183120650873840573e-05
2.845000000000000000e+02 4.799790890948797147e-05
2.850000000000000000e+02 4.448928126648575630e-05
2.855000000000000000e+02 4.122183460284266452e-05
2.860000000000000000e+02 3.822922940779686603e-05
2.865000000000000000e+02 3.544354588908170595e-05
2.870000000000000000e+02 3.289609612300543418e-05
2.875000000000000000e+02 3.053196672855777000e-05
2.880000000000000000e+02 2.837092531736355497e-05
2.885000000000000000e+02 2.635975623013292346e-05
2.890000000000000000e+02 2.450499651586402630e-05
2.895000000000000000e+02 2.278991310037403343e-05
2.900000000000000000e+02 2.119707340428867345e-05
2.905000000000000000e+02 1.972079771905078642e-05
2.910000000000000000e+02 1.834628751006084048e-05
2.915000000000000000e+02 1.706108499862429040e-05
2.920000000000000000e+02 1.586410619297746235e-05
2.925000000000000000e+02 1.474422679997982624e-05
2.930000000000000000e+02 1.369849309917875091e-05
2.935000000000000000e+02 1.271705719153752881e-05
2.940000000000000000e+02 1.180288415387637894e-05
2.945000000000000000e+02 1.094689385545993001e-05
2.950000000000000000e+02 1.015103966169572287e-05
2.955000000000000000e+02 9.406576410234083956e-06
2.960000000000000000e+02 8.714978012415914205e-06
2.965000000000000000e+02 8.075340231136654722e-06
2.970000000000000000e+02 7.481198705036377004e-06
2.975000000000000000e+02 6.931668561915367163e-06
2.980000000000000000e+02 6.427855708013991035e-06
2.985000000000000000e+02 5.968803497218439432e-06
2.990000000000000000e+02 5.555653417511028446e-06
2.995000000000000000e+02 5.172421904881717744e-06
3.000000000000000000e+02 4.827533781512655238e-06
3.005000000000000000e+02 4.520848033580539492e-06
3.010000000000000000e+02 4.244845297516329145e-06
3.015000000000000000e+02 4.007221736715016519e-06
3.020000000000000000e+02 3.784952926099583011e-06
3.025000000000000000e+02 3.592960316834702465e-06
3.030000000000000000e+02 3.423984833883513486e-06
3.035000000000000000e+02 3.269764791078718888e-06
3.040000000000000000e+02 3.138581539681573910e-06
3.045000000000000000e+02 3.006672732241894107e-06
3.050000000000000000e+02 2.890195898716046954e-06
3.055000000000000000e+02 2.780652307398644422e-06
3.060000000000000000e+02 2.663711505344889503e-06
3.065000000000000000e+02 2.546335483567252613e-06
3.070000000000000000e+02 2.429247547514647657e-06
3.075000000000000000e+02 2.304425773167085840e-06
3.080000000000000000e+02 2.164819024973167573e-06
3.085000000000000000e+02 2.017761191735720446e-06
3.090000000000000000e+02 1.856074613200663615e-06
3.095000000000000000e+02 1.687067083603330595e-06
3.100000000000000000e+02 1.511134121787055205e-06
3.105000000000000000e+02 1.335607920298135380e-06
3.110000000000000000e+02 1.153267555016776309e-06
3.115000000000000000e+02 9.791495593761588265e-07
3.120000000000000000e+02 8.131506686473602692e-07
3.125000000000000000e+02 6.627987778875781279e-07
3.130000000000000000e+02 5.203979677240890382e-07
3.135000000000000000e+02 3.933749335675291035e-07
3.140000000000000000e+02 2.889931369253413445e-07
3.145000000000000000e+02 1.997932590137602431e-07
3.150000000000000000e+02 1.330095642066509238e-07
3.155000000000000000e+02 8.119721447327889610e-08
3.160000000000000000e+02 4.424225802317817936e-08
3.165000000000000000e+02 2.210642343982207498e-08
3.170000000000000000e+02 1.472781191203671292e-08
3.175000000000000000e+02 1.472649551522541865e-08
3.180000000000000000e+02 2.945035823682824878e-08
3.185000000000000000e+02 5.157095475010345746e-08
3.190000000000000000e+02 8.109165834904745380e-08
3.195000000000000000e+02 1.181106915619582868e-07
3.200000000000000000e+02 1.552292175928680981e-07
3.205000000000000000e+02 1.925470535464519411e-07
3.210000000000000000e+02 2.374222178189838612e-07
3.215000000000000000e+02 2.899352309248851441e-07
3.220000000000000000e+02 3.352063083264043543e-07
3.225000000000000000e+02 3.805561914886386045e-07
3.230000000000000000e+02 4.260603590552760700e-07
3.235000000000000000e+02 4.715268773602960402e-07
3.240000000000000000e+02 5.171111212761919202e-07
3.245000000000000000e+02 5.550690104615791849e-07
3.250000000000000000e+02 5.930925846203521890e-07
3.255000000000000000e+02 6.306275499940429591e-07
3.260000000000000000e+02 6.681622129889211825e-07
3.265000000000000000e+02 6.981891632474866308e-07
3.270000000000000000e+02 7.207084914833832056e-07
3.275000000000000000e+02 7.507349881737293575e-07
3.280000000000000000e+02 7.657466036733133689e-07
3.285000000000000000e+02 7.882653876273466398e-07
3.290000000000000000e+02 8.032767309859991581e-07
3.295000000000000000e+02 8.107807244629142960e-07
