1.800000000000000000e+02 5.224557744952648934e-13
1.805000000000000000e+02 7.365216383491842147e-13
1.810000000000000000e+02 9.268395124533184560e-13
1.815000000000000000e+02 1.273337525396271909e-12
1.820000000000000000e+02 1.690263170440930970e-12
1.825000000000000000e+02 2.269305951761854957e-12
1.830000000000000000e+02 2.918776365184483946e-12
1.835000000000000000e+02 4.147734834735846437e-12
1.840000000000000000e+02 5.142924030187764956e-12
1.845000000000000000e+02 7.059832077803203020e-12
1.850000000000000000e+02 8.333318028135413924e-12
1.855000000000000000e+02 1.152302185013095522e-11
1.860000000000000000e+02 1.346784120694918874e-11
1.865000000000000000e+02 1.758755341378028986e-11
1.870000000000000000e+02 2.004921066126860345e-11
1.875000000000000000e+02 2.327861073238026488e-11
1.880000000000000000e+02 2.451579936462929966e-11
1.885000000000000000e+02 3.409493693503840659e-11
1.890000000000000000e+02 3.145088770502495801e-11
1.895000000000000000e+02 5.392567351185579390e-11
1.900000000000000000e+02 5.730034448901497073e-11
1.905000000000000000e+02 1.043150524231881296e-10
1.910000000000000000e+02 2.017730138098150341e-10
1.915000000000000000e+02 5.882924452185418168e-10
1.920000000000000000e+02 1.165233826296482047e-09
1.925000000000000000e+02 3.021779040613501813e-09
1.930000000000000000e+02 5.963120537863321244e-09
1.935000000000000000e+02 1.480703879483864342e-08
1.940000000000000000e+02 2.645138712086461424e-08
1.945000000000000000e+02 4.415107935858053713e-08
1.950000000000000000e+02 6.553890544061236617e-08
1.955000000000000000e+02 7.749993220066216208e-08
1.960000000000000000e+02 9.033874998367828941e-08
1.965000000000000000e+02 9.917668688271343040e-08
1.970000000000000000e+02 1.114759825431149311e-07
1.975000000000000000e+02 1.282385834244699784e-07
1.980000000000000000e+02 1.461137622784640576e-07
1.985000000000000000e+02 1.728223632603451623e-07
1.990000000000000000e+02 1.968020684170721141e-07
1.995000000000000000e+02 2.303520091360380473e-07
2.000000000000000000e+02 2.604094400614093269e-07
2.005000000000000000e+02 2.863028090343189045e-07
2.010000000000000000e+02 3.195791501689564913e-07
2.015000000000000000e+02 3.327432227350146813e-07
2.020000000000000000e+02 3.529606827013665120e-07
2.025000000000000000e+02 3.594884871621896726e-07
2.030000000000000000e+02 3.654942467035826991e-07
2.035000000000000000e+02 3.735044246774782959e-07
2.040000000000000000e+02 3.803380056049345121e-07
2.045000000000000000e+02 3.966913160648506919e-07
2.050000000000000000e+02 4.120525507204558635e-07
2.055000000000000000e+02 4.396016419099389237e-07
2.060000000000000000e+02 4.727358806917976096e-07
2.065000000000000000e+02 5.179950931340394107e-07
2.070000000000000000e+02 5.639551796786531311e-07
2.075000000000000000e+02 6.204089984715518705e-07
2.080000000000000000e+02 6.843655119776884161e-07
2.085000000000000000e+02 7.573955353130704136e-07
2.090000000000000000e+02 8.449924618080995328e-07
2.095000000000000000e+02 9.353004759115167118e-07
2.100000000000000000e+02 1.034521001386645401e-06
2.105000000000000000e+02 1.148229506991261019e-06
2.110000000000000000e+02 1.271407594396353009e-06
2.115000000000000000e+02 1.398928182727691527e-06
2.120000000000000000e+02 1.535533966799071745e-06
2.125000000000000000e+02 1.671472699816506695e-06
2.130000000000000000e+02 1.822140130416948135e-06
2.135000000000000000e+02 1.971954948214277288e-06
2.140000000000000000e+02 2.135278055269656994e-06
2.145000000000000000e+02 2.301938513492150055e-06
2.150000000000000000e+02 2.474693223026600519e-06
2.155000000000000000e+02 2.659821575960195649e-06
2.160000000000000000e+02 2.864459380579643164e-06
2.165000000000000000e+02 3.072123562603775580e-06
2.170000000000000000e+02 3.291885225081000770e-06
2.175000000000000000e+02 3.520886416118090680e-06
2.180000000000000000e+02 3.768027282495519607e-06
2.185000000000000000e+02 4.038222128635607120e-06
2.190000000000000000e+02 4.333499022157837964e-06
2.195000000000000000e+02 4.663121069735776403e-06
2.200000000000000000e+02 5.019857078847739738e-06
2.205000000000000000e+02 5.437541544035970062e-06
2.210000000000000000e+02 5.885631138964771487e-06
2.215000000000000000e+02 6.396802120370575604e-06
2.220000000000000000e+02 6.961601844918098052e-06
2.225000000000000000e+02 7.584085187874447694e-06
2.230000000000000000e+02 8.275229560594820057e-06
2.235000000000000000e+02 9.027654841359011487e-06
2.240000000000000000e+02 9.862151811296680909e-06
2.245000000000000000e+02 1.078175219878749360e-05
2.250000000000000000e+02 1.179717056453988255e-05
2.255000000000000000e+02 1.293313095113146718e-05
2.260000000000000000e+02 1.419391633105937173e-05
2.265000000000000000e+02 1.558553380579708831e-05
2.270000000000000000e+02 1.713029068738892779e-05
2.275000000000000000e+02 1.881622187768979568e-05
2.280000000000000000e+02 2.069410856133009703e-05
2.285000000000000000e+02 2.273227152490801473e-05
2.290000000000000000e+02 2.499177840187538150e-05
2.295000000000000000e+02 2.748146572729112024e-05
2.300000000000000000e+02 3.023239698995916020e-05
2.305000000000000000e+02 3.330491566151979043e-05
2.310000000000000000e+02 3.669964098617884373e-05
2.315000000000000000e+02 4.049625180420805224e-05
2.320000000000000000e+02 4.469833573691630701e-05
2.325000000000000000e+02 4.934895551074671994e-05
2.330000000000000000e+02 5.452190129404519043e-05
2.335000000000000000e+02 6.022014595437760824e-05
2.340000000000000000e+02 6.660828096640115600e-05
2.345000000000000000e+02 7.373845322759915927e-05
2.350000000000000000e+02 8.179090435342400338e-05
2.355000000000000000e+02 9.100658471811615895e-05
2.360000000000000000e+02 1.015300083660726445e-04
2.365000000000000000e+02 1.137871334457638792e-04
2.370000000000000000e+02 1.279691457660329457e-04
2.375000000000000000e+02 1.446284032030595345e-04
2.380000000000000000e+02 1.641269231651707524e-04
2.385000000000000000e+02 1.871002215640748883e-04
2.390000000000000000e+02 2.142314149986791413e-04
2.395000000000000000e+02 2.463048432761616598e-04
2.400000000000000000e+02 2.843890721406367437e-04
2.405000000000000000e+02 3.295764618502133370e-04
2.410000000000000000e+02 3.833512582681333162e-04
2.415000000000000000e+02 4.472422469383777167e-04
2.420000000000000000e+02 5.230984681079790810e-04
2.425000000000000000e+02 6.129317861010690491e-04
2.430000000000000000e+02 7.189095870656378538e-04
2.435000000000000000e+02 8.429281354220548132e-04
2.440000000000000000e+02 9.874971256399840344e-04
2.445000000000000000e+02 1.153741134852284949e-03
2.450000000000000000e+02 1.344033007527484398e-03
2.455000000000000000e+02 1.558479494103294288e-03
2.460000000000000000e+02 1.797809271225707080e-03
2.465000000000000000e+02 2.060992656622348713e-03
2.470000000000000000e+02 2.344906117548333814e-03
2.475000000000000000e+02 2.646381435660484418e-03
2.480000000000000000e+02 2.956796585469566307e-03
2.485000000000000000e+02 3.268469264880083987e-03
2.490000000000000000e+02 3.568991874643346121e-03
2.495000000000000000e+02 3.846938554052251828e-03
2.500000000000000000e+02 4.096042638214439022e-03
2.505000000000000000e+02 4.318602559903880582e-03
2.510000000000000000e+02 4.549459323113127021e-03
2.515000000000000000e+02 4.874798602101010174e-03
2.520000000000000000e+02 5.501898844312156506e-03
2.525000000000000000e+02 6.862910748842790572e-03
2.530000000000000000e+02 9.842635984753302092e-03
2.535000000000000000e+02 1.620966175252240918e-02
2.540000000000000000e+02 2.937436135920456354e-02
2.545000000000000000e+02 5.556330254897591525e-02
2.550000000000000000e+02 1.044068940574310878e-01
2.555000000000000000e+02 1.854737481962706047e-01
2.560000000000000000e+02 2.952163612375514057e-01
2.565000000000000000e+02 4.055552660299829859e-01
2.570000000000000000e+02 4.839721094757420961e-01
2.575000000000000000e+02 5.238081612334829495e-01
2.580000000000000000e+02 5.386558527798046558e-01
2.585000000000000000e+02 5.428771424254740241e-01
2.590000000000000000e+02 5.447768968207986617e-01
2.595000000000000000e+02 5.481311199731488948e-01
2.600000000000000000e+02 5.540530552403070130e-01
2.605000000000000000e+02 5.626629275042740463e-01
2.610000000000000000e+02 5.735922485657924952e-01
2.615000000000000000e+02 5.861403555595707804e-01
2.620000000000000000e+02 5.999019385587883724e-01
2.625000000000000000e+02 6.140022699065542655e-01
2.630000000000000000e+02 6.282216422125231903e-01
2.635000000000000000e+02 6.418846265245026217e-01
2.640000000000000000e+02 6.548182792375522032e-01
2.645000000000000000e+02 6.667245269541316466e-01
2.650000000000000000e+02 6.773929753427412326e-01
2.655000000000000000e+02 6.868501932721993164e-01
2.660000000000000000e+02 6.949009254669172853e-01
2.665000000000000000e+02 7.016901544298450588e-01
2.670000000000000000e+02 7.071708642781555643e-01
2.675000000000000000e+02 7.113288249449180034e-01
2.680000000000000000e+02 7.144327818672427943e-01
2.685000000000000000e+02 7.163051708177426979e-01
2.690000000000000000e+02 7.174337800493512107e-01
2.695000000000000000e+02 7.175372282309675498e-01
2.700000000000000000e+02 7.171928512420028268e-01
2.705000000000000000e+02 7.162477297766718376e-01
2.710000000000000000e+02 7.150862105407487235e-01
2.715000000000000000e+02 7.135801546733600009e-01
2.720000000000000000e+02 7.120189709559847646e-01
2.725000000000000000e+02 7.099478423901949276e-01
2.730000000000000000e+02 7.079181018361155875e-01
2.735000000000000000e+02 7.049460526813910999e-01
2.740000000000000000e+02 7.020560305343401808e-01
2.745000000000000000e+02 6.980003152963387691e-01
2.750000000000000000e+02 6.940299574406144645e-01
2.755000000000000000e+02 6.886231498742224622e-01
2.760000000000000000e+02 6.832798560659617548e-01
2.765000000000000000e+02 6.764295030428711941e-01
2.770000000000000000e+02 6.696124261582532267e-01
2.775000000000000000e+02 6.619296400507843625e-01
2.780000000000000000e+02 6.542505502050418587e-01
2.785000000000000000e+02 6.479874571959370888e-01
2.790000000000000000e+02 6.417083405123026330e-01
2.795000000000000000e+02 6.400469062255323971e-01
2.800000000000000000e+02 6.383617695962566785e-01
2.805000000000000000e+02 6.421035822676816052e-01
2.810000000000000000e+02 6.458171565872424802e-01
2.815000000000000000e+02 6.525078646021879036e-01
2.820000000000000000e+02 6.591695527874541494e-01
2.825000000000000000e+02 6.660880857379464226e-01
2.830000000000000000e+02 6.729784474517492843e-01
2.835000000000000000e+02 6.788757946166474877e-01
2.840000000000000000e+02 6.847498598528090064e-01
2.845000000000000000e+02 6.894227076933963083e-01
2.850000000000000000e+02 6.940723568154466561e-01
2.855000000000000000e+02 6.976581964748003184e-01
2.860000000000000000e+02 7.012228263757211977e-01
2.865000000000000000e+02 7.039088969850390010e-01
2.870000000000000000e+02 7.065689887682397030e-01
2.875000000000000000e+02 7.085474190545292261e-01
2.880000000000000000e+02 7.104909241733307068e-01
2.885000000000000000e+02 7.119192449974306447e-01
2.890000000000000000e+02 7.132994250904294287e-01
2.895000000000000000e+02 7.143024252654115447e-01
2.900000000000000000e+02 7.152440315980234109e-01
2.905000000000000000e+02 7.158867351263303869e-01
2.910000000000000000e+02 7.164576828179149981e-01
2.915000000000000000e+02 7.167283955122721872e-01
2.920000000000000000e+02 7.169229300388647586e-01
2.925000000000000000e+02 7.168550089113415735e-01
2.930000000000000000e+02 7.167139010492807882e-01
2.935000000000000000e+02 7.163699900171540680e-01
2.940000000000000000e+02 7.159704643283132386e-01
2.945000000000000000e+02 7.154214426151855877e-01
2.950000000000000000e+02 7.148445372711488277e-01
2.955000000000000000e+02 7.141641044064810373e-01
2.960000000000000000e+02 7.134950572573406369e-01
2.965000000000000000e+02 7.127730984447165907e-01
2.970000000000000000e+02 7.121045829173952013e-01
2.975000000000000000e+02 7.114202066503871880e-01
2.980000000000000000e+02 7.108340683642241364e-01
2.985000000000000000e+02 7.102524107231659167e-01
2.990000000000000000e+02 7.098021313344337058e-01
2.995000000000000000e+02 7.093998785426220977e-01
3.000000000000000000e+02 7.091403724895375404e-01
3.005000000000000000e+02 7.089905547497381555e-01
3.010000000000000000e+02 7.089473005438732267e-01
3.015000000000000000e+02 7.089798668966001971e-01
3.020000000000000000e+02 7.090138479714829245e-01
3.025000000000000000e+02 7.088969339326142149e-01
3.030000000000000000e+02 7.085857148130695338e-01
3.035000000000000000e+02 7.078070765300213951e-01
3.040000000000000000e+02 7.065146628706888698e-01
3.045000000000000000e+02 7.043026304881720989e-01
3.050000000000000000e+02 7.011195260147641273e-01
3.055000000000000000e+02 6.964745755644164982e-01
3.060000000000000000e+02 6.902758193045943624e-01
3.065000000000000000e+02 6.820251955024294599e-01
3.070000000000000000e+02 6.715870969714696770e-01
3.075000000000000000e+02 6.585408067864229054e-01
3.080000000000000000e+02 6.427741414927806707e-01
3.085000000000000000e+02 6.240320807597031783e-01
3.090000000000000000e+02 6.023521181049346085e-01
3.095000000000000000e+02 5.777033644006028812e-01
3.100000000000000000e+02 5.504083065663833985e-01
3.105000000000000000e+02 5.207356109407894618e-01
3.110000000000000000e+02 4.892481505179360757e-01
3.115000000000000000e+02 4.565306680742101109e-01
3.120000000000000000e+02 4.231664720406843605e-01
3.125000000000000000e+02 3.898406821752293250e-01
3.130000000000000000e+02 3.570408347139495953e-01
3.135000000000000000e+02 3.252964015110592078e-01
3.140000000000000000e+02 2.949786054158317072e-01
3.145000000000000000e+02 2.664572573333126582e-01
3.150000000000000000e+02 2.398579282904308996e-01
3.155000000000000000e+02 2.153648299298819846e-01
3.160000000000000000e+02 1.929230371405175615e-01
3.165000000000000000e+02 1.725745308783522558e-01
3.170000000000000000e+02 1.541597478340895611e-01
3.175000000000000000e+02 1.376532850317384316e-01
3.180000000000000000e+02 1.228336423624429852e-01
3.185000000000000000e+02 1.096472759799183294e-01
3.190000000000000000e+02 9.786240427858682034e-02
3.195000000000000000e+02 8.740877014221271057e-02
3.200000000000000000e+02 7.808571992204957346e-02
3.205000000000000000e+02 6.981276609854197845e-02
3.210000000000000000e+02 6.243844884094097020e-02
3.215000000000000000e+02 5.587328176407164310e-02
3.220000000000000000e+02 5.002024636246047568e-02
3.225000000000000000e+02 4.478895661365422942e-02
3.230000000000000000e+02 4.012238694607693501e-02
3.235000000000000000e+02 3.594304052232717706e-02
3.240000000000000000e+02 3.221222787250001968e-02
3.245000000000000000e+02 2.886705342913855471e-02
3.250000000000000000e+02 2.587801864841158747e-02
3.255000000000000000e+02 2.318520562717899317e-02
3.260000000000000000e+02 2.077807372782179696e-02
3.265000000000000000e+02 1.862498017759370295e-02
3.270000000000000000e+02 1.669783566286469137e-02
3.275000000000000000e+02 1.497238418578629611e-02
3.280000000000000000e+02 1.342667415453449933e-02
3.285000000000000000e+02 1.204146028188090439e-02
3.290000000000000000e+02 1.079950730739028669e-02
3.295000000000000000e+02 9.685912945839860941e-03
